1 0.175763 0.047902 0.072725 0.070285
1 0.210685 0.087154 0.057604 0.044983
1 0.271169 0.060716 0.079205 0.066501
1 0.307676 0.027898 0.081365 0.055147
1 0.330933 0.081261 0.050403 0.031899
1 0.364775 0.047091 0.051843 0.051362
1 0.415683 0.051146 0.061204 0.042171
1 0.450533 0.042604 0.038738 0.037846
1 0.500216 0.036927 0.080501 0.042712
1 0.509649 0.014490 0.059044 0.028114
1 0.529450 0.064176 0.065524 0.057418
0 0.512457 0.052336 0.022897 0.023789
0 0.524050 0.073151 0.027362 0.022167
1 0.561780 0.035251 0.049539 0.046929
1 0.584749 0.049092 0.055444 0.057310
1 0.608223 0.033413 0.041907 0.041090
0 0.636737 0.083099 0.054003 0.033629
1 0.685340 0.058013 0.064804 0.057850
1 0.748992 0.058013 0.055588 0.053525
1 0.810556 0.062500 0.070709 0.064879
1 0.087702 0.108726 0.066244 0.055688
1 0.151786 0.124946 0.056164 0.056769
1 0.306956 0.115052 0.082805 0.064879
1 0.360095 0.138571 0.077045 0.065420
1 0.379536 0.105212 0.025202 0.014057
1 0.421371 0.088560 0.052419 0.052984
0 0.411938 0.152844 0.043923 0.042063
1 0.438292 0.114782 0.068980 0.054606
1 0.537946 0.124784 0.045363 0.035683
1 0.608583 0.115214 0.075749 0.045956
1 0.679075 0.130677 0.045363 0.038819
1 0.710757 0.121702 0.068404 0.042712
1 0.733151 0.092236 0.042627 0.031358
1 0.781682 0.101806 0.063364 0.040549
1 0.097638 0.189284 0.106567 0.098940
1 0.151786 0.230753 0.095046 0.067042
0 0.175403 0.184418 0.063364 0.032980
0 0.240207 0.203936 0.027362 0.032872
1 0.272969 0.180742 0.055444 0.038387
0 0.321357 0.184202 0.045363 0.045307
1 0.337198 0.232375 0.048243 0.056228
1 0.368520 0.218209 0.025922 0.048659
1 0.411578 0.189933 0.056164 0.042712
1 0.394297 0.211451 0.036002 0.029736
1 0.402650 0.235619 0.053859 0.036765
1 0.446285 0.223454 0.046083 0.048119
1 0.465726 0.251730 0.031682 0.024870
1 0.487183 0.225887 0.067684 0.040009
1 0.507344 0.201287 0.069124 0.053525
1 0.530818 0.163657 0.074309 0.042063
1 0.559332 0.217939 0.048963 0.066501
1 0.630112 0.166901 0.066964 0.060662
0 0.671227 0.179931 0.026786 0.047578
1 0.723358 0.163062 0.061924 0.044334
1 0.703989 0.195340 0.054868 0.042712
0 0.776426 0.138030 0.066964 0.039468
1 0.826109 0.127217 0.045363 0.039468
1 0.791187 0.172794 0.079205 0.035683
1 0.842598 0.165279 0.059908 0.036873
1 0.072221 0.293685 0.088566 0.041739
1 0.086262 0.324557 0.054724 0.029736
1 0.162442 0.290766 0.076325 0.044334
1 0.140193 0.327206 0.046227 0.048227
1 0.238767 0.269842 0.066244 0.056769
0 0.219398 0.299578 0.056308 0.036224
1 0.193764 0.330666 0.059764 0.028114
1 0.249712 0.339425 0.061924 0.048659
1 0.280242 0.322935 0.036578 0.040549
1 0.309476 0.278222 0.080645 0.049740
1 0.319412 0.321745 0.051843 0.047037
0 0.359447 0.263138 0.036578 0.036873
1 0.379536 0.296334 0.081365 0.060013
1 0.370680 0.310932 0.048963 0.022167
0 0.375288 0.336992 0.066820 0.040549
0 0.417483 0.338019 0.015841 0.013408
1 0.405170 0.253731 0.043347 0.023248
0 0.415683 0.281466 0.041043 0.032439
1 0.443260 0.268220 0.047523 0.037305
1 0.445925 0.303633 0.054003 0.035683
0 0.448445 0.326611 0.038882 0.028655
0 0.485455 0.291847 0.038018 0.047578
1 0.497408 0.329855 0.066244 0.056769
1 0.509289 0.257407 0.051123 0.031899
0 0.522465 0.292658 0.060484 0.047037
0 0.556380 0.261192 0.041043 0.040549
1 0.552347 0.316879 0.049683 0.031899
1 0.531898 0.347751 0.059188 0.024438
0 0.604335 0.242809 0.039603 0.029736
1 0.610671 0.272924 0.059764 0.034602
0 0.603255 0.279574 0.028802 0.018923
0 0.622264 0.271518 0.036578 0.030709
0 0.605055 0.315041 0.066964 0.056120
0 0.652578 0.301579 0.045363 0.033521
0 0.691676 0.317204 0.084965 0.049632
1 0.659994 0.232807 0.073445 0.038927
1 0.691676 0.249892 0.064804 0.088019
1 0.675115 0.259299 0.051843 0.044334
0 0.739919 0.240376 0.047523 0.045415
1 0.737399 0.279033 0.062644 0.043793
0 0.752160 0.194961 0.059044 0.048659
1 0.792627 0.216696 0.082085 0.061635
1 0.847566 0.217182 0.051123 0.038819
1 0.799683 0.277736 0.073445 0.049632
1 0.790467 0.314987 0.054724 0.033521
1 0.825389 0.310932 0.046803 0.047037
1 0.845406 0.339587 0.033842 0.036224
1 0.136665 0.362619 0.054724 0.028006
1 0.028946 0.389868 0.055588 0.021086
1 0.049035 0.415549 0.066964 0.043253
1 0.068476 0.448908 0.023762 0.031899
1 0.109879 0.415549 0.063364 0.045415
1 0.111391 0.428904 0.041907 0.034061
1 0.140553 0.390247 0.049539 0.038927
1 0.151786 0.422632 0.083525 0.050930
1 0.190524 0.393382 0.044643 0.041090
1 0.218318 0.433661 0.061348 0.055688
0 0.218318 0.357969 0.033698 0.038387
0 0.241287 0.396194 0.062644 0.044334
1 0.278154 0.437284 0.051123 0.034602
0 0.309836 0.378298 0.059764 0.033629
1 0.339358 0.418577 0.071285 0.051254
1 0.316892 0.444853 0.033842 0.014057
0 0.330645 0.465560 0.068260 0.029736
0 0.370320 0.439933 0.038162 0.042063
0 0.361607 0.372946 0.069700 0.030277
1 0.408698 0.362403 0.030242 0.035143
0 0.438940 0.395815 0.063364 0.050281
1 0.425619 0.434040 0.045363 0.033521
1 0.413378 0.473670 0.075605 0.050281
0 0.455501 0.456207 0.031682 0.036765
1 0.467166 0.357753 0.044643 0.046605
1 0.487903 0.392139 0.051843 0.036224
1 0.485383 0.423443 0.046803 0.032007
1 0.495248 0.462316 0.059044 0.045956
1 0.545291 0.403114 0.078485 0.050822
1 0.525130 0.453395 0.028082 0.060554
0 0.543131 0.477725 0.041043 0.041090
1 0.560772 0.440149 0.047523 0.040549
0 0.591374 0.365863 0.064084 0.040117
1 0.650058 0.351590 0.043203 0.022167
1 0.644513 0.377487 0.058324 0.035251
1 0.598430 0.394572 0.025202 0.020545
0 0.610383 0.411224 0.056308 0.023789
0 0.663234 0.413495 0.054003 0.023789
1 0.702909 0.365647 0.065380 0.085965
1 0.758425 0.392950 0.078485 0.051903
0 0.737759 0.342885 0.030242 0.046064
1 0.756840 0.343696 0.015121 0.017193
0 0.772681 0.350238 0.032402 0.028114
0 0.815524 0.385381 0.061924 0.029196
1 0.822869 0.412630 0.051843 0.033953
1 0.861967 0.426687 0.035282 0.033953
1 0.069916 0.492863 0.052563 0.032439
0 0.108151 0.505407 0.074309 0.040009
1 0.163162 0.466155 0.061924 0.035251
0 0.151786 0.495080 0.073445 0.046605
0 0.166907 0.519680 0.033122 0.017950
0 0.202117 0.498324 0.059188 0.028006
1 0.238767 0.524546 0.053283 0.055796
1 0.269009 0.485294 0.044643 0.041090
0 0.277434 0.510543 0.065524 0.045956
1 0.346054 0.518058 0.079205 0.032007
0 0.506984 0.510759 0.058324 0.022816
1 0.476022 0.528871 0.041043 0.024438
1 0.588854 0.523140 0.077765 0.043253
1 0.588134 0.451503 0.066244 0.050281
1 0.629392 0.443231 0.035282 0.055147
1 0.631912 0.480212 0.072005 0.044983
0 0.673027 0.435662 0.057748 0.024870
0 0.664099 0.465939 0.039603 0.043253
0 0.703989 0.492863 0.048819 0.044334
1 0.697581 0.453395 0.044643 0.032439
1 0.748704 0.451071 0.061924 0.056769
1 0.790467 0.430147 0.066244 0.034602
0 0.831365 0.457450 0.033122 0.022167
1 0.805228 0.477563 0.049683 0.043793
0 0.739919 0.485889 0.021601 0.018274
1 0.636017 0.512327 0.016561 0.014057
1 0.660714 0.520491 0.057604 0.049632
1 0.739199 0.519680 0.051843 0.032007
1 0.791547 0.498324 0.066964 0.035575
0 0.774626 0.533142 0.051843 0.041631
0 0.801123 0.527574 0.053283 0.040009
0 0.058540 0.536170 0.039603 0.035575
1 0.037874 0.554877 0.050403 0.032980
1 0.046947 0.609213 0.023906 0.027033
1 0.068116 0.632191 0.040323 0.043793
1 0.119384 0.565041 0.040323 0.041631
1 0.126152 0.558553 0.050979 0.051362
0 0.161722 0.577206 0.021601 0.020545
1 0.154594 0.590722 0.020017 0.014057
0 0.089862 0.629758 0.033122 0.023789
1 0.093390 0.644356 0.038738 0.018382
1 0.137025 0.615322 0.065524 0.044875
1 0.152506 0.638895 0.063364 0.033629
1 0.172955 0.644842 0.038018 0.022816
0 0.119384 0.664901 0.050403 0.042171
1 0.131120 0.692636 0.087126 0.022167
0 0.163882 0.541036 0.072005 0.028006
1 0.215870 0.582937 0.077765 0.060986
1 0.257128 0.556715 0.019441 0.011786
1 0.243952 0.642734 0.046083 0.054066
1 0.250360 0.637489 0.043347 0.039468
0 0.269081 0.608834 0.022897 0.023248
0 0.306236 0.555093 0.061204 0.022816
1 0.303211 0.587587 0.068404 0.047578
1 0.347494 0.545686 0.050403 0.030817
1 0.361247 0.577260 0.057748 0.038819
1 0.339718 0.592939 0.012961 0.008759
1 0.396097 0.550822 0.049683 0.027033
0 0.400562 0.574232 0.036722 0.023248
0 0.433684 0.549416 0.056884 0.030709
1 0.325317 0.619377 0.030242 0.042171
1 0.306956 0.657061 0.072725 0.060013
1 0.380256 0.625054 0.082805 0.047037
0 0.410138 0.657223 0.044643 0.034602
1 0.475662 0.559364 0.046083 0.036765
1 0.458381 0.577260 0.048963 0.016328
1 0.447005 0.596994 0.047523 0.032872
0 0.425619 0.606996 0.019441 0.018274
1 0.444340 0.635867 0.042483 0.044875
0 0.471342 0.646680 0.046083 0.029736
0 0.508209 0.631380 0.027362 0.044334
1 0.477967 0.590452 0.054724 0.039468
1 0.519585 0.551038 0.050403 0.060986
1 0.529738 0.548119 0.056308 0.042171
1 0.541331 0.603536 0.059044 0.056769
0 0.600590 0.591912 0.056884 0.038927
1 0.577333 0.609375 0.015841 0.018923
1 0.590654 0.612457 0.016561 0.016220
1 0.594902 0.551849 0.042627 0.036873
0 0.630112 0.560554 0.056884 0.034602
0 0.714862 0.552876 0.056164 0.037846
1 0.676195 0.557310 0.028082 0.018382
1 0.667339 0.581531 0.040323 0.034602
1 0.531178 0.648086 0.026066 0.042063
0 0.559260 0.637868 0.054868 0.049740
1 0.589934 0.647491 0.018001 0.030277
1 0.604695 0.645599 0.024482 0.031899
1 0.619096 0.640517 0.048963 0.047686
0 0.632272 0.642734 0.033842 0.018382
1 0.650418 0.628352 0.030962 0.021194
1 0.643793 0.613430 0.049683 0.044334
1 0.688796 0.620837 0.047523 0.032980
0 0.705789 0.592128 0.039747 0.021194
1 0.732143 0.575422 0.060484 0.040549
1 0.812716 0.583532 0.051699 0.034061
1 0.823589 0.602887 0.048963 0.027574
1 0.796083 0.613484 0.075173 0.038819
0 0.774626 0.634245 0.046083 0.037305
1 0.818764 0.655169 0.054003 0.040009
0 0.650418 0.653547 0.028082 0.017301
0 0.671947 0.657602 0.029666 0.021086
0 0.693116 0.670253 0.044643 0.038819
1 0.714862 0.661927 0.036002 0.029736
0 0.737831 0.644572 0.054868 0.040441
1 0.045507 0.726806 0.028226 0.022167
1 0.071501 0.747567 0.020881 0.036873
1 0.099798 0.776438 0.066244 0.042712
1 0.122912 0.705882 0.056308 0.018382
0 0.163882 0.708045 0.027362 0.023789
1 0.185268 0.710532 0.029522 0.030709
1 0.115279 0.724103 0.035282 0.022167
0 0.159202 0.772383 0.061204 0.042171
1 0.278874 0.696691 0.074165 0.057310
0 0.244672 0.740214 0.057604 0.049200
0 0.229191 0.781142 0.068404 0.024870
1 0.279954 0.769950 0.047523 0.044875
0 0.298531 0.731293 0.044643 0.042171
0 0.332013 0.687500 0.036722 0.027033
0 0.340438 0.712154 0.041763 0.049308
0 0.333813 0.754271 0.066244 0.042712
1 0.362615 0.681823 0.047523 0.052444
0 0.376008 0.749405 0.023906 0.043793
0 0.411938 0.747351 0.061204 0.054606
1 0.409418 0.675335 0.041763 0.017842
1 0.438652 0.711127 0.033698 0.021086
1 0.445060 0.729239 0.015121 0.018382
1 0.474942 0.727238 0.047523 0.055688
1 0.456941 0.761354 0.024482 0.019896
1 0.470334 0.766706 0.012385 0.010272
1 0.480127 0.682202 0.073445 0.056228
0 0.529090 0.683445 0.048963 0.035143
0 0.528730 0.733726 0.045363 0.065420
1 0.558252 0.717885 0.048243 0.044334
0 0.585109 0.681661 0.043203 0.037846
0 0.586334 0.709937 0.054003 0.022167
1 0.584389 0.741404 0.070565 0.045956
0 0.623704 0.758975 0.068260 0.037846
1 0.660714 0.766706 0.028802 0.018923
1 0.630472 0.681391 0.072005 0.032980
0 0.655386 0.705071 0.053859 0.049200
0 0.686708 0.734321 0.056308 0.025519
1 0.724438 0.715398 0.064084 0.043685
1 0.704349 0.758110 0.035138 0.024438
0 0.725518 0.692420 0.033122 0.027141
0 0.753960 0.681823 0.036722 0.040549
1 0.779234 0.670253 0.035138 0.029304
1 0.833525 0.697286 0.041763 0.030385
1 0.778586 0.711127 0.058324 0.045956
1 0.777434 0.756488 0.070709 0.048227
1 0.137745 0.823205 0.082805 0.048659
1 0.187356 0.802498 0.052419 0.029736
1 0.143721 0.911116 0.063364 0.063365
1 0.137385 0.948151 0.074885 0.048551
0 0.190524 0.949557 0.043203 0.045956
1 0.203557 0.910521 0.073589 0.030817
0 0.205717 0.903222 0.053139 0.033521
0 0.198949 0.872675 0.071285 0.034061
0 0.230631 0.833207 0.084245 0.069745
1 0.220766 0.806985 0.031682 0.032439
1 0.263321 0.851319 0.054868 0.045415
0 0.285930 0.861105 0.054003 0.035575
1 0.281322 0.921713 0.060628 0.071367
1 0.277434 0.967885 0.042483 0.013408
1 0.294643 0.814663 0.038018 0.077855
1 0.303211 0.796010 0.035282 0.022167
1 0.306236 0.813041 0.030962 0.023789
1 0.290395 0.825097 0.022321 0.028655
0 0.305876 0.827530 0.015841 0.012976
1 0.319052 0.773573 0.029522 0.029196
0 0.345766 0.780331 0.023906 0.025411
0 0.336118 0.801417 0.041763 0.030817
0 0.368520 0.812446 0.028802 0.055039
1 0.335613 0.829747 0.042483 0.033629
1 0.331005 0.860619 0.038738 0.044334
0 0.340078 0.901979 0.058324 0.039468
1 0.317252 0.941447 0.028802 0.040549
0 0.331653 0.939771 0.031682 0.024438
0 0.350014 0.958910 0.030962 0.020545
0 0.362255 0.938744 0.029522 0.022167
1 0.414963 0.958748 0.065524 0.031899
1 0.485455 0.945502 0.039747 0.031358
0 0.441820 0.935121 0.037442 0.020545
0 0.397177 0.920902 0.057604 0.053525
1 0.462846 0.905439 0.037442 0.024762
0 0.366575 0.872675 0.058324 0.050281
0 0.419931 0.858997 0.071429 0.080017
1 0.365135 0.776438 0.016561 0.011354
0 0.402002 0.796767 0.019441 0.028006
0 0.417123 0.809959 0.023762 0.018923
0 0.441820 0.804931 0.021601 0.037846
0 0.467814 0.791306 0.027506 0.031358
1 0.470334 0.821421 0.035138 0.026492
1 0.465006 0.844831 0.028802 0.034602
0 0.461766 0.868620 0.029522 0.023789
1 0.474582 0.885489 0.025202 0.024870
1 0.483007 0.842398 0.017281 0.018923
1 0.490783 0.871053 0.033122 0.045956
0 0.490783 0.778871 0.033122 0.028114
1 0.499136 0.794118 0.038018 0.028114
1 0.523690 0.849265 0.051123 0.065960
0 0.520665 0.893004 0.033842 0.022816
0 0.544859 0.912954 0.053139 0.025952
0 0.524050 0.798984 0.021601 0.019464
0 0.545579 0.776222 0.041907 0.045307
0 0.556452 0.820610 0.024482 0.028114
0 0.578341 0.798984 0.066820 0.045415
0 0.598790 0.836235 0.034562 0.036873
1 0.578341 0.858402 0.052419 0.036873
0 0.566388 0.875108 0.057604 0.030277
0 0.574093 0.905385 0.039603 0.034602
1 0.610671 0.923497 0.059764 0.025411
0 0.618376 0.901979 0.051843 0.032980
0 0.641345 0.917009 0.021457 0.016760
1 0.679075 0.933067 0.028082 0.017301
0 0.632632 0.823854 0.018721 0.010813
1 0.640985 0.847859 0.049539 0.033953
1 0.619816 0.875703 0.053283 0.029304
0 0.666619 0.890787 0.063364 0.049740
1 0.679940 0.903222 0.062644 0.041090
1 0.657186 0.812446 0.020017 0.019572
1 0.696501 0.801417 0.051123 0.051362
1 0.736679 0.789468 0.064084 0.059040
0 0.693836 0.826287 0.046083 0.029736
0 0.726238 0.823475 0.028802 0.022167
1 0.732071 0.837046 0.026066 0.013408
0 0.719110 0.854347 0.032978 0.024438
0 0.729623 0.889544 0.045363 0.040549
1 0.739919 0.910900 0.060484 0.036765
1 0.770161 0.915387 0.030242 0.029736
1 0.773041 0.933067 0.025922 0.016220
1 0.803643 0.921659 0.041043 0.015030
1 0.800763 0.935716 0.022321 0.015030
1 0.808108 0.782115 0.039603 0.044334
0 0.756480 0.860619 0.057604 0.027033
0 0.769441 0.880353 0.050403 0.035143
1 0.795147 0.890571 0.030962 0.029628
0 0.817324 0.885110 0.032402 0.040549
0 0.792267 0.849697 0.023762 0.024870
0 0.837270 0.858618 0.030242 0.026492
1 0.819484 0.844020 0.036722 0.027574
0 0.801123 0.819150 0.044643 0.040549
1 0.843678 0.822664 0.048819 0.021626
