1 0.223934 0.055904 0.093030 0.070718
1 0.315380 0.071313 0.081221 0.053741
1 0.503960 0.028709 0.044211 0.046605
1 0.404450 0.076341 0.064660 0.044983
1 0.365711 0.071151 0.022321 0.025087
1 0.364199 0.105753 0.070276 0.048010
1 0.403442 0.109429 0.013105 0.012976
1 0.574021 0.026925 0.045507 0.038711
1 0.583813 0.072286 0.033122 0.050930
1 0.637601 0.029466 0.046227 0.054823
1 0.689300 0.005461 0.053139 0.010705
1 0.508569 0.071259 0.078773 0.040441
1 0.498416 0.107699 0.027362 0.058391
0 0.548171 0.114565 0.064948 0.064987
0 0.415971 0.152952 0.057748 0.062608
0 0.301267 0.133975 0.072869 0.057526
1 0.240495 0.163549 0.085253 0.054174
1 0.324309 0.181823 0.067972 0.067150
1 0.461118 0.133272 0.033410 0.031899
1 0.454781 0.131055 0.063940 0.054498
1 0.508857 0.187770 0.056596 0.053741
1 0.500792 0.169388 0.087702 0.055904
1 0.655962 0.129001 0.033410 0.038711
1 0.595334 0.161873 0.058468 0.038495
1 0.627664 0.175281 0.049971 0.041522
1 0.145593 0.128136 0.074309 0.062500
1 0.069772 0.189230 0.081077 0.059905
1 0.216806 0.213506 0.075317 0.050281
1 0.673387 0.065906 0.071717 0.052444
1 0.737975 0.077476 0.062932 0.059148
1 0.805948 0.082937 0.071861 0.052768
1 0.898762 0.152682 0.053283 0.046280
1 0.687428 0.111916 0.047379 0.048443
0 0.723286 0.132245 0.058324 0.050822
1 0.754464 0.131001 0.030818 0.045091
1 0.769585 0.155115 0.045795 0.044226
0 0.798171 0.170848 0.038450 0.054498
1 0.892641 0.190149 0.042771 0.028439
0 0.717958 0.200638 0.066964 0.060229
1 0.661938 0.195123 0.050835 0.043577
0 0.774482 0.219291 0.056452 0.035683
1 0.882488 0.223292 0.052707 0.033737
1 0.816532 0.240430 0.079493 0.045956
1 0.839646 0.235781 0.048819 0.065203
1 0.772249 0.267031 0.058612 0.042279
1 0.641489 0.259029 0.046227 0.029520
1 0.668347 0.228212 0.051267 0.031034
1 0.706293 0.252487 0.074741 0.049092
1 0.562068 0.228320 0.059332 0.048335
1 0.626512 0.249676 0.075029 0.065960
0 0.676339 0.282710 0.060916 0.026925
1 0.726743 0.289901 0.040179 0.028114
1 0.888177 0.270167 0.062932 0.047470
1 0.926195 0.323962 0.051411 0.049092
1 0.886017 0.337695 0.048531 0.040225
1 0.854047 0.328882 0.029522 0.041198
1 0.795219 0.309094 0.068548 0.055688
0 0.745320 0.319042 0.028370 0.025195
1 0.712198 0.319529 0.062644 0.046064
1 0.618808 0.284224 0.057892 0.014598
0 0.551411 0.294604 0.061060 0.047902
0 0.548171 0.252217 0.066964 0.044658
1 0.389617 0.220534 0.067252 0.048119
1 0.447725 0.198151 0.080357 0.060878
1 0.355487 0.207883 0.041043 0.049632
0 0.314876 0.218155 0.040755 0.030601
1 0.281106 0.240701 0.063076 0.049740
1 0.220118 0.251946 0.056020 0.030926
1 0.326181 0.250216 0.037442 0.024005
0 0.320709 0.282061 0.035138 0.042712
0 0.225086 0.284386 0.056740 0.039576
0 0.276858 0.282548 0.044499 0.037413
1 0.274410 0.304336 0.054003 0.034494
0 0.172667 0.254974 0.029954 0.049524
1 0.141705 0.242647 0.050403 0.058607
1 0.086982 0.255677 0.063940 0.042063
1 0.112399 0.283413 0.050259 0.036332
1 0.153946 0.292658 0.036002 0.043361
1 0.172451 0.287251 0.012241 0.013300
1 0.118232 0.318285 0.054147 0.055255
1 0.112111 0.360078 0.085685 0.054931
1 0.042627 0.386300 0.074021 0.048767
1 0.110671 0.419821 0.086262 0.032980
0 0.167915 0.393869 0.033122 0.028871
1 0.184476 0.327206 0.078341 0.025735
0 0.188292 0.349751 0.041907 0.036440
1 0.223862 0.346237 0.050835 0.043469
1 0.160282 0.429228 0.017569 0.020004
0 0.202909 0.430742 0.041763 0.049849
1 0.248920 0.421983 0.052275 0.053093
1 0.250216 0.403979 0.057460 0.030709
1 0.288162 0.414576 0.033410 0.056445
1 0.312428 0.397167 0.071861 0.044334
1 0.325101 0.439392 0.052563 0.039468
0 0.318332 0.349427 0.064948 0.046821
0 0.318764 0.317961 0.044211 0.025843
0 0.377232 0.335965 0.072725 0.037846
1 0.378456 0.271572 0.089574 0.045523
1 0.435844 0.247946 0.069268 0.046280
0 0.480775 0.254271 0.040467 0.049632
1 0.468750 0.297632 0.060484 0.059148
1 0.419355 0.310608 0.054435 0.057850
0 0.456725 0.346507 0.036146 0.037522
0 0.491143 0.364403 0.065524 0.028547
1 0.423747 0.375595 0.068404 0.050065
1 0.361967 0.388246 0.052275 0.040549
1 0.484015 0.330558 0.024482 0.010597
1 0.511737 0.337641 0.038738 0.033413
1 0.532690 0.358240 0.028802 0.025952
0 0.556740 0.365917 0.061348 0.044334
1 0.553283 0.369431 0.059908 0.048119
1 0.608079 0.388949 0.076757 0.045848
1 0.653802 0.356023 0.088134 0.050930
1 0.714862 0.366133 0.049827 0.030926
1 0.657618 0.401979 0.059764 0.045956
0 0.725086 0.410575 0.067396 0.050822
0 0.775490 0.361105 0.067396 0.044442
1 0.858439 0.368674 0.074021 0.035359
1 0.821861 0.358510 0.041475 0.046821
1 0.888609 0.408413 0.058036 0.043253
1 0.841230 0.403060 0.058900 0.056120
1 0.791547 0.411008 0.062644 0.054498
0 0.877160 0.468426 0.059332 0.049308
1 0.915755 0.477184 0.047235 0.051903
1 0.826181 0.470372 0.026210 0.025519
1 0.762025 0.452368 0.049971 0.026492
1 0.742512 0.441717 0.030242 0.019464
0 0.576541 0.417766 0.045075 0.047037
0 0.625936 0.447989 0.057748 0.044118
0 0.622912 0.481185 0.057748 0.031142
0 0.660138 0.476157 0.022465 0.022167
0 0.703053 0.477563 0.067972 0.025627
0 0.421371 0.409981 0.046083 0.028871
1 0.380184 0.421713 0.038594 0.031574
1 0.472926 0.400195 0.061348 0.043036
0 0.514113 0.419442 0.044931 0.039360
0 0.557100 0.431012 0.031250 0.030493
1 0.541763 0.454963 0.047235 0.036008
1 0.474726 0.445610 0.052275 0.053417
0 0.400202 0.458315 0.034850 0.052228
1 0.352607 0.472156 0.046803 0.031683
0 0.365567 0.462803 0.037586 0.029412
1 0.211118 0.463722 0.026498 0.023032
1 0.275346 0.461613 0.032834 0.019680
0 0.193620 0.482321 0.046515 0.047686
1 0.095118 0.491025 0.060628 0.042171
0 0.300331 0.490755 0.068980 0.055471
1 0.245896 0.490160 0.038162 0.038927
1 0.195132 0.524438 0.061636 0.048010
1 0.177779 0.544442 0.044211 0.025519
1 0.169139 0.562446 0.046227 0.025195
0 0.121760 0.529520 0.086550 0.054282
1 0.120680 0.571205 0.061924 0.038603
1 0.255256 0.533467 0.041907 0.060662
1 0.230559 0.525303 0.019009 0.021194
1 0.228903 0.545902 0.017137 0.025627
1 0.239343 0.552876 0.014689 0.016220
1 0.195781 0.569853 0.028370 0.019680
1 0.158914 0.583261 0.046803 0.026168
0 0.178067 0.597589 0.028082 0.026492
1 0.171227 0.629001 0.025346 0.022059
1 0.211478 0.573205 0.027218 0.028547
1 0.214574 0.596075 0.030530 0.019788
1 0.260657 0.570610 0.059908 0.029844
1 0.256768 0.606293 0.055012 0.040009
1 0.297955 0.540874 0.040899 0.040225
0 0.324885 0.533629 0.033410 0.034602
1 0.346918 0.521518 0.043203 0.038495
1 0.386737 0.531953 0.046227 0.034494
1 0.431452 0.488430 0.076037 0.041955
1 0.389545 0.491674 0.016705 0.016436
1 0.447581 0.497135 0.035714 0.018058
1 0.497624 0.471994 0.044211 0.045199
1 0.514833 0.510489 0.044067 0.037846
0 0.483727 0.500973 0.033122 0.024438
0 0.453557 0.523681 0.027794 0.033953
1 0.485959 0.523681 0.048531 0.022924
1 0.413090 0.532980 0.050835 0.048875
0 0.519585 0.553363 0.066244 0.057634
0 0.428571 0.567366 0.059620 0.041090
0 0.462702 0.578990 0.026498 0.019139
0 0.420435 0.599535 0.065812 0.031466
1 0.488623 0.595210 0.066532 0.037305
1 0.531610 0.598886 0.028658 0.019572
1 0.561420 0.572989 0.027218 0.019464
1 0.576253 0.550822 0.044499 0.038062
1 0.599870 0.529250 0.050547 0.042496
0 0.602175 0.557634 0.038162 0.014490
1 0.570565 0.467885 0.049827 0.042820
1 0.593030 0.452368 0.030818 0.022383
0 0.639689 0.512814 0.040035 0.050065
1 0.802635 0.500054 0.066964 0.059797
0 0.853039 0.507407 0.036146 0.020004
1 0.859951 0.526006 0.042195 0.036440
0 0.781754 0.560013 0.070709 0.057526
1 0.944628 0.551579 0.022609 0.010813
1 0.860095 0.550714 0.071573 0.038279
1 0.871760 0.572340 0.011377 0.009732
1 0.818188 0.550768 0.018577 0.024113
1 0.732215 0.493350 0.036434 0.029736
0 0.756624 0.511408 0.028514 0.017193
1 0.685700 0.508002 0.059188 0.034818
1 0.907546 0.510056 0.050115 0.065311
1 0.680588 0.553741 0.068260 0.062067
0 0.627088 0.588560 0.033554 0.045415
1 0.090438 0.623378 0.084389 0.068339
1 0.079925 0.677444 0.066820 0.046713
1 0.130904 0.647654 0.039171 0.011786
0 0.204925 0.645383 0.020737 0.017409
0 0.251080 0.631001 0.055156 0.022383
1 0.292699 0.641923 0.038162 0.034494
1 0.322725 0.652033 0.027074 0.014057
1 0.335253 0.614782 0.089574 0.048767
0 0.372480 0.634191 0.022897 0.029412
1 0.389545 0.639003 0.023906 0.029520
1 0.229911 0.646680 0.041331 0.063906
0 0.266921 0.669226 0.031250 0.023573
0 0.300259 0.665063 0.033410 0.022383
0 0.349582 0.650303 0.025778 0.017734
1 0.346198 0.658899 0.055012 0.022816
1 0.187284 0.676092 0.078485 0.062824
0 0.182676 0.709937 0.075317 0.028871
1 0.236751 0.693988 0.027074 0.040225
1 0.253888 0.702260 0.046659 0.041198
0 0.274626 0.707829 0.021601 0.017517
1 0.288378 0.696313 0.031826 0.044658
0 0.314372 0.694096 0.034850 0.020761
0 0.359951 0.676579 0.052275 0.044118
0 0.350950 0.704531 0.031106 0.017409
0 0.324957 0.706531 0.025778 0.017517
0 0.467454 0.628352 0.025634 0.028114
1 0.436924 0.657980 0.068836 0.034602
1 0.112255 0.748378 0.084533 0.059256
1 0.170723 0.745999 0.050259 0.043253
1 0.245320 0.747297 0.043923 0.040009
1 0.105055 0.810229 0.069268 0.056012
0 0.429291 0.686473 0.022465 0.033196
1 0.384937 0.688311 0.035138 0.048551
1 0.502520 0.706856 0.045651 0.036765
0 0.290755 0.728590 0.028802 0.024654
1 0.339718 0.731239 0.036578 0.031899
1 0.309188 0.745837 0.038306 0.032115
1 0.208021 0.731672 0.036434 0.031466
1 0.215870 0.736646 0.021025 0.019356
1 0.184908 0.781737 0.059044 0.075151
1 0.204781 0.802390 0.031394 0.025195
0 0.246472 0.808391 0.046227 0.031791
1 0.275274 0.789630 0.039603 0.023897
0 0.252376 0.786981 0.010513 0.009299
0 0.230343 0.768112 0.030386 0.017842
0 0.268721 0.759786 0.046659 0.031466
0 0.262313 0.741458 0.018865 0.017950
1 0.273762 0.727887 0.017281 0.022383
0 0.315236 0.778601 0.041187 0.044658
1 0.372192 0.721129 0.033554 0.020545
0 0.376944 0.737511 0.021745 0.016977
1 0.290755 0.774113 0.023329 0.021194
1 0.343030 0.782061 0.028802 0.018058
0 0.348142 0.745837 0.032402 0.026492
1 0.175763 0.840560 0.043059 0.041631
0 0.409202 0.704747 0.045075 0.047686
0 0.444484 0.714587 0.036434 0.018058
0 0.468246 0.720480 0.043059 0.019247
1 0.424971 0.733510 0.038594 0.019788
1 0.403082 0.765625 0.059908 0.042928
1 0.455141 0.750595 0.059188 0.043577
1 0.357503 0.768815 0.025778 0.011462
1 0.356351 0.787792 0.030962 0.027141
0 0.503744 0.644410 0.059908 0.056120
1 0.569628 0.602941 0.054003 0.041090
1 0.578485 0.641869 0.059620 0.044983
1 0.587918 0.678255 0.053139 0.027357
1 0.555660 0.675606 0.016273 0.021194
0 0.554435 0.707234 0.032834 0.053525
0 0.617728 0.636462 0.041907 0.036765
0 0.635513 0.622243 0.028802 0.021086
0 0.666403 0.648140 0.055444 0.035035
0 0.662154 0.670415 0.065380 0.043036
1 0.513033 0.743026 0.040467 0.036224
0 0.538882 0.750108 0.031682 0.019031
0 0.565884 0.756326 0.047091 0.026492
1 0.377880 0.748216 0.055300 0.031466
1 0.388609 0.779790 0.048243 0.030169
1 0.442900 0.787305 0.051123 0.038711
1 0.444628 0.812716 0.049395 0.020761
0 0.498560 0.790387 0.055012 0.026492
1 0.545939 0.798984 0.048099 0.026384
1 0.482575 0.768869 0.051555 0.025411
1 0.289963 0.825854 0.057460 0.037522
1 0.340006 0.802444 0.040323 0.030277
1 0.379896 0.804444 0.038018 0.016977
1 0.377088 0.819312 0.044499 0.031574
0 0.411866 0.814230 0.023618 0.028979
0 0.437788 0.832342 0.028226 0.020653
0 0.501944 0.820448 0.034418 0.022599
0 0.330789 0.832775 0.042915 0.035359
1 0.305660 0.844561 0.035570 0.026276
1 0.246256 0.923389 0.089862 0.050281
1 0.227607 0.954747 0.061780 0.050930
1 0.327045 0.925011 0.061060 0.045091
1 0.447653 0.943772 0.034130 0.044118
1 0.501152 0.976049 0.024770 0.036008
1 0.633497 0.933878 0.057316 0.055471
1 0.686132 0.610727 0.079061 0.054066
1 0.757128 0.604239 0.045651 0.028979
1 0.838134 0.632353 0.047235 0.052552
0 0.720838 0.637381 0.065236 0.040982
1 0.792123 0.650249 0.063220 0.043577
0 0.726887 0.676525 0.062644 0.022816
0 0.621256 0.714857 0.064804 0.043253
0 0.660498 0.709883 0.036722 0.047362
1 0.702261 0.720426 0.055156 0.047037
1 0.731063 0.700692 0.063796 0.027249
1 0.824453 0.679120 0.046371 0.044442
0 0.771889 0.695556 0.026786 0.019139
1 0.800979 0.702476 0.039747 0.051795
0 0.758857 0.722697 0.059188 0.029520
0 0.750648 0.744810 0.032114 0.016652
0 0.792411 0.730915 0.038738 0.019788
1 0.722926 0.755677 0.055588 0.049416
1 0.848358 0.734483 0.051843 0.029952
1 0.818548 0.769788 0.067108 0.044550
1 0.768793 0.778709 0.044787 0.041198
1 0.919643 0.771032 0.057316 0.036873
0 0.866359 0.759840 0.031394 0.029412
1 0.865855 0.784278 0.034130 0.015138
1 0.922235 0.732969 0.051555 0.037089
1 0.903586 0.720426 0.045939 0.042063
0 0.878672 0.701665 0.063796 0.042171
1 0.891273 0.674254 0.078053 0.043577
1 0.856207 0.689122 0.038450 0.034602
1 0.919643 0.632407 0.067972 0.052444
0 0.964142 0.626514 0.053859 0.032872
1 0.878384 0.599319 0.076757 0.050714
1 0.836406 0.576449 0.067396 0.038711
0 0.601815 0.783359 0.063652 0.032548
1 0.616647 0.772329 0.044643 0.026708
1 0.674899 0.783845 0.062644 0.034602
1 0.651642 0.811851 0.056452 0.042820
0 0.700749 0.805039 0.051555 0.041955
0 0.607647 0.819096 0.055732 0.030277
0 0.556596 0.834180 0.033698 0.031250
1 0.566028 0.826287 0.035858 0.032115
0 0.599006 0.851049 0.050259 0.036873
1 0.645161 0.849103 0.048963 0.042712
1 0.670363 0.853698 0.029954 0.040009
0 0.884721 0.871161 0.032114 0.032331
0 0.820925 0.877271 0.040755 0.047578
0 0.760297 0.888084 0.032114 0.020761
0 0.843966 0.827314 0.047379 0.046713
1 0.860239 0.856023 0.024338 0.039468
0 0.790899 0.809851 0.038306 0.033629
0 0.740063 0.835370 0.070276 0.029304
1 0.790035 0.846129 0.046371 0.041090
1 0.777650 0.864944 0.076325 0.030709
1 0.698733 0.844723 0.031682 0.027898
1 0.391201 0.914198 0.025202 0.030817
0 0.457373 0.909602 0.035138 0.028979
1 0.409922 0.900249 0.034706 0.032548
1 0.372840 0.890355 0.034850 0.027249
1 0.298603 0.879271 0.022897 0.044010
1 0.314948 0.877595 0.025634 0.038062
1 0.331077 0.867701 0.027074 0.018707
1 0.348142 0.860727 0.038162 0.047794
0 0.395593 0.858997 0.039459 0.050822
0 0.423747 0.849157 0.026930 0.027682
0 0.462558 0.845859 0.058756 0.038170
0 0.445493 0.876352 0.038162 0.026708
0 0.478831 0.863322 0.035426 0.039360
1 0.470550 0.887273 0.032402 0.018923
1 0.496688 0.904628 0.041475 0.018815
0 0.493088 0.885651 0.016705 0.013733
0 0.519513 0.880407 0.043059 0.025735
1 0.521097 0.902790 0.025202 0.025735
0 0.554291 0.886408 0.057604 0.042496
1 0.520809 0.851914 0.051699 0.049200
1 0.538738 0.861916 0.051843 0.026168
0 0.563724 0.854617 0.025778 0.020653
