0 0.249784 0.049308 0.069556 0.060986
1 0.198157 0.095210 0.077765 0.060229
1 0.396601 0.046713 0.059332 0.035251
1 0.328701 0.086938 0.052563 0.052336
1 0.362111 0.081693 0.046515 0.043793
0 0.382272 0.111646 0.050835 0.037522
1 0.271889 0.095480 0.063652 0.043036
1 0.268289 0.122405 0.041187 0.032656
1 0.158914 0.157169 0.074741 0.057850
1 0.217598 0.167604 0.022177 0.015571
1 0.333957 0.153655 0.053859 0.047794
1 0.263249 0.166198 0.072581 0.057742
0 0.276930 0.165063 0.026498 0.026925
1 0.216590 0.219723 0.068836 0.030926
0 0.270089 0.216209 0.064372 0.043361
1 0.314588 0.201611 0.028658 0.056120
1 0.377808 0.221994 0.021169 0.020329
1 0.339070 0.232915 0.060340 0.051471
1 0.423315 0.220859 0.063220 0.048119
1 0.442036 0.161386 0.051411 0.027790
1 0.450821 0.195826 0.060340 0.051254
1 0.343894 0.122621 0.016129 0.017517
0 0.339142 0.119107 0.029666 0.023681
1 0.460974 0.061581 0.063076 0.049632
1 0.439660 0.104401 0.064516 0.055904
0 0.504536 0.080288 0.054291 0.044658
1 0.515841 0.043739 0.065668 0.050714
1 0.566820 0.039738 0.046947 0.045307
1 0.632416 0.047524 0.061780 0.044226
0 0.649770 0.080774 0.029666 0.041955
1 0.598502 0.082072 0.023329 0.020329
1 0.616503 0.084937 0.037730 0.011570
1 0.611103 0.052714 0.050547 0.047470
1 0.697077 0.083694 0.065236 0.051254
0 0.741647 0.084667 0.041475 0.028979
1 0.664531 0.125865 0.026066 0.023573
1 0.929003 0.091047 0.070853 0.055796
1 0.855487 0.096075 0.070997 0.054823
1 0.816964 0.082342 0.044643 0.030601
1 0.533050 0.107807 0.068404 0.038927
1 0.624640 0.105266 0.039891 0.025627
1 0.617368 0.118945 0.048387 0.048443
1 0.585181 0.127433 0.064660 0.046821
0 0.482431 0.125703 0.031106 0.038387
0 0.498776 0.163765 0.048243 0.044658
1 0.871544 0.168847 0.066244 0.044226
1 0.859591 0.213830 0.038018 0.051795
1 0.914459 0.194312 0.020161 0.018815
0 0.784562 0.164144 0.061924 0.039360
1 0.728543 0.122946 0.076613 0.038711
1 0.787298 0.123162 0.043779 0.034818
1 0.823877 0.146140 0.043203 0.034926
1 0.728831 0.169875 0.052707 0.040874
1 0.828557 0.203612 0.037298 0.042171
1 0.784634 0.201557 0.047667 0.055580
0 0.782906 0.201179 0.039315 0.031683
0 0.688652 0.188798 0.050979 0.046713
0 0.885801 0.220264 0.058756 0.048227
0 0.619168 0.171983 0.059764 0.048335
1 0.566316 0.155601 0.071573 0.041306
1 0.522033 0.190582 0.050115 0.043793
1 0.554435 0.177552 0.056452 0.028763
1 0.576901 0.209991 0.059620 0.060986
1 0.638609 0.207721 0.065524 0.048875
1 0.735095 0.202855 0.060916 0.040874
1 0.758065 0.199557 0.036002 0.040549
1 0.146961 0.248054 0.058612 0.051254
1 0.215366 0.243566 0.070997 0.055255
1 0.177491 0.275735 0.043347 0.028330
1 0.238119 0.256866 0.048243 0.066068
0 0.297739 0.249892 0.057460 0.027033
0 0.286578 0.271032 0.060772 0.043361
1 0.220622 0.296551 0.063940 0.049416
0 0.336046 0.305796 0.054868 0.048227
1 0.371832 0.294010 0.036578 0.032872
1 0.404738 0.287522 0.039891 0.048227
1 0.450101 0.297037 0.063796 0.040657
1 0.469974 0.229455 0.013969 0.009948
1 0.515409 0.233402 0.052419 0.048767
1 0.486031 0.247621 0.042339 0.019247
0 0.460037 0.259029 0.047379 0.035359
1 0.519081 0.270437 0.047091 0.045848
0 0.585181 0.272708 0.060916 0.048010
1 0.638321 0.237295 0.073301 0.042496
1 0.637457 0.282494 0.060052 0.061311
1 0.696429 0.224589 0.043491 0.031791
1 0.696357 0.267734 0.062644 0.065744
1 0.736247 0.241728 0.045939 0.049416
0 0.770233 0.249351 0.044499 0.035035
1 0.813652 0.241620 0.056740 0.042928
1 0.941244 0.258110 0.050115 0.050389
0 0.950893 0.285629 0.013537 0.004866
1 0.873848 0.283359 0.052419 0.033629
1 0.873632 0.251676 0.034994 0.017409
1 0.895161 0.275303 0.075173 0.040009
0 0.944628 0.336992 0.041331 0.022383
1 0.897465 0.345048 0.064228 0.052336
0 0.822797 0.328882 0.065236 0.042712
1 0.800043 0.288116 0.058036 0.051579
1 0.823157 0.276330 0.023041 0.029520
1 0.754248 0.321637 0.063796 0.050714
1 0.778154 0.346940 0.032978 0.037089
0 0.658266 0.325746 0.061060 0.033196
0 0.694412 0.354239 0.023618 0.017734
1 0.710253 0.309040 0.061060 0.042604
1 0.703773 0.336397 0.035426 0.035251
1 0.832229 0.373324 0.058180 0.046172
1 0.928427 0.404196 0.061060 0.042171
1 0.887457 0.403006 0.033266 0.037197
0 0.810628 0.402898 0.065380 0.027898
1 0.765769 0.375000 0.034418 0.017950
0 0.787658 0.382840 0.039315 0.030169
0 0.766561 0.408629 0.018721 0.017301
1 0.384001 0.247135 0.036434 0.047902
1 0.257488 0.332234 0.053859 0.058499
1 0.186132 0.335532 0.075605 0.051038
1 0.202333 0.333099 0.037442 0.040549
1 0.124352 0.368242 0.041907 0.054174
1 0.174611 0.376244 0.078773 0.048119
0 0.230703 0.393707 0.038306 0.038062
1 0.272177 0.393923 0.036578 0.017301
0 0.293131 0.353374 0.035858 0.015138
1 0.314444 0.383056 0.057172 0.047470
1 0.391129 0.331045 0.072869 0.040117
1 0.363191 0.337424 0.026786 0.017409
1 0.358223 0.371432 0.038450 0.045848
0 0.384001 0.357537 0.050547 0.023032
1 0.386305 0.374622 0.037010 0.014814
0 0.444628 0.328936 0.024338 0.019896
1 0.481207 0.343750 0.062932 0.048443
0 0.447869 0.354455 0.022177 0.025735
1 0.508569 0.354725 0.033266 0.029087
0 0.532186 0.318988 0.043059 0.040225
0 0.572869 0.319042 0.059620 0.047686
1 0.603543 0.337857 0.052419 0.039684
0 0.631696 0.331261 0.015121 0.011786
1 0.531754 0.357645 0.066388 0.037738
1 0.553211 0.333207 0.039603 0.039252
1 0.496832 0.384732 0.057892 0.036981
0 0.469830 0.384948 0.034706 0.026168
1 0.608583 0.375054 0.050979 0.041631
1 0.631120 0.350995 0.046227 0.037630
1 0.700029 0.380136 0.047811 0.037305
0 0.659418 0.368188 0.015265 0.019464
1 0.664819 0.357483 0.030386 0.025735
1 0.656106 0.392571 0.052707 0.034494
0 0.647465 0.375108 0.008641 0.014273
1 0.637385 0.378244 0.013537 0.018166
1 0.732215 0.387111 0.018001 0.019247
1 0.110527 0.488214 0.025490 0.013841
0 0.185988 0.435283 0.031826 0.026492
0 0.232719 0.452422 0.051843 0.042604
0 0.255184 0.475508 0.031106 0.018490
0 0.275490 0.422740 0.053571 0.028222
1 0.333165 0.415495 0.076757 0.034278
1 0.380688 0.408791 0.028946 0.028006
1 0.392857 0.402898 0.035714 0.007353
1 0.393001 0.424795 0.050979 0.042712
1 0.446285 0.418253 0.038306 0.043036
1 0.370824 0.432472 0.045507 0.019139
1 0.289171 0.460316 0.051843 0.028114
1 0.296155 0.463722 0.054003 0.060013
1 0.337270 0.466696 0.040899 0.029844
1 0.336046 0.465452 0.049971 0.048335
1 0.340798 0.439068 0.051987 0.016977
1 0.388321 0.460640 0.064084 0.045199
1 0.434548 0.462911 0.055156 0.041090
1 0.368304 0.490701 0.047379 0.023356
1 0.387025 0.489511 0.015985 0.014490
1 0.417771 0.485078 0.078629 0.026168
1 0.423243 0.503352 0.044067 0.041739
1 0.458813 0.508813 0.046947 0.045956
0 0.478327 0.408196 0.041331 0.023573
0 0.493736 0.422308 0.053715 0.024978
1 0.532186 0.435770 0.049395 0.037197
1 0.548675 0.400249 0.073445 0.046388
0 0.601959 0.441447 0.048099 0.044226
0 0.601310 0.407872 0.050835 0.030277
0 0.635009 0.432039 0.030962 0.033629
1 0.656898 0.420902 0.035570 0.021518
1 0.690452 0.445502 0.068116 0.040441
1 0.707661 0.412900 0.067108 0.041414
0 0.749208 0.437446 0.049107 0.035359
0 0.807388 0.432742 0.056020 0.034386
0 0.733079 0.486970 0.048819 0.049632
0 0.702189 0.502217 0.036578 0.041414
0 0.676339 0.521086 0.032114 0.017517
0 0.824453 0.479617 0.026498 0.019356
1 0.784706 0.507299 0.068836 0.051795
1 0.672163 0.479293 0.040755 0.027790
1 0.669571 0.483997 0.040467 0.048443
0 0.644801 0.449773 0.028082 0.021302
1 0.660858 0.452206 0.043203 0.042604
1 0.645809 0.471994 0.013393 0.014057
1 0.641777 0.481942 0.020881 0.017301
1 0.625288 0.491674 0.048099 0.060121
0 0.533842 0.461019 0.041187 0.034494
1 0.495968 0.477725 0.048963 0.029844
0 0.533194 0.501460 0.027218 0.046172
1 0.561276 0.483564 0.055156 0.033953
0 0.583093 0.505893 0.030530 0.012868
0 0.575101 0.510921 0.057748 0.018815
0 0.577765 0.531520 0.031682 0.023032
1 0.611463 0.531953 0.057892 0.028655
1 0.671875 0.533629 0.037298 0.025519
0 0.870824 0.448259 0.050979 0.045091
1 0.915683 0.466317 0.061204 0.051579
1 0.910714 0.509840 0.060484 0.036332
1 0.865711 0.508110 0.037586 0.041955
1 0.857935 0.491620 0.045363 0.024762
1 0.797883 0.475346 0.018577 0.021194
0 0.845478 0.537846 0.053571 0.043685
0 0.900778 0.557634 0.042051 0.031791
1 0.926627 0.575097 0.054291 0.026925
1 0.894585 0.584991 0.032258 0.027682
1 0.939516 0.604455 0.061924 0.051687
1 0.963494 0.629055 0.055732 0.045956
0 0.938796 0.653222 0.028802 0.015787
1 0.929003 0.681337 0.070565 0.047578
0 0.792987 0.561743 0.022897 0.038062
1 0.753168 0.566555 0.057316 0.049416
1 0.694124 0.561635 0.060772 0.046064
1 0.818908 0.573367 0.039603 0.036440
0 0.836622 0.593750 0.050259 0.030277
0 0.872480 0.608023 0.033266 0.040441
1 0.837198 0.627649 0.066676 0.035575
0 0.872120 0.661332 0.040323 0.032223
1 0.828053 0.655601 0.019009 0.020978
1 0.802203 0.653979 0.035858 0.038711
1 0.825317 0.690852 0.061060 0.049957
1 0.929075 0.725130 0.027218 0.029628
1 0.968750 0.766652 0.062500 0.033953
0 0.901138 0.722643 0.046515 0.035683
0 0.850806 0.730104 0.065668 0.039360
1 0.843246 0.754974 0.064660 0.021194
1 0.890697 0.781034 0.047235 0.032656
1 0.795651 0.598670 0.032546 0.025627
0 0.758569 0.605212 0.050259 0.029844
0 0.752592 0.627433 0.057604 0.024113
1 0.773113 0.647221 0.028370 0.020437
0 0.747552 0.665333 0.050979 0.038927
0 0.782618 0.687230 0.031538 0.037738
1 0.716014 0.647275 0.035138 0.041090
1 0.705213 0.599373 0.030530 0.031791
1 0.701973 0.607429 0.064660 0.025195
1 0.728471 0.576936 0.013681 0.013949
1 0.736679 0.592344 0.032402 0.021626
1 0.695997 0.641869 0.020449 0.012327
0 0.639689 0.573421 0.057604 0.036981
1 0.216806 0.521302 0.037586 0.036981
1 0.272105 0.522275 0.059188 0.052119
1 0.218318 0.558824 0.050403 0.035035
1 0.325101 0.500703 0.052563 0.035143
1 0.331005 0.530926 0.061204 0.036765
1 0.382056 0.514057 0.043779 0.024870
0 0.416907 0.528168 0.027650 0.014165
1 0.376872 0.542550 0.047811 0.045956
0 0.365279 0.566609 0.019729 0.016652
1 0.514977 0.514273 0.024194 0.024438
0 0.497264 0.531412 0.022753 0.019788
0 0.481135 0.546875 0.029954 0.025627
0 0.438148 0.555796 0.058324 0.037197
0 0.477535 0.567690 0.023041 0.016003
1 0.470766 0.586397 0.034850 0.022059
1 0.469182 0.578341 0.027362 0.006596
1 0.494672 0.613106 0.032258 0.034170
1 0.470694 0.620675 0.024914 0.019680
0 0.451685 0.602617 0.034706 0.013625
1 0.504752 0.555742 0.033986 0.040117
0 0.545795 0.557364 0.059620 0.046388
1 0.565596 0.543523 0.052851 0.028006
1 0.541043 0.522221 0.023906 0.023897
0 0.604119 0.562500 0.020161 0.032872
0 0.592310 0.583045 0.034850 0.040441
0 0.662226 0.674416 0.060628 0.043901
0 0.690020 0.677228 0.040755 0.040657
1 0.675547 0.650519 0.034562 0.027682
0 0.642857 0.626460 0.028802 0.019572
0 0.522033 0.594399 0.045507 0.037197
1 0.565380 0.609483 0.048963 0.037522
0 0.570853 0.628190 0.026210 0.023032
0 0.605199 0.606834 0.032402 0.019680
0 0.612039 0.616512 0.030818 0.026925
1 0.616359 0.596183 0.019297 0.014814
1 0.652578 0.621756 0.050259 0.051687
1 0.647105 0.646356 0.021457 0.010489
1 0.668995 0.612078 0.035282 0.033845
0 0.552851 0.649384 0.039171 0.021086
1 0.545723 0.589425 0.023185 0.017950
1 0.510081 0.643274 0.021025 0.020112
1 0.467166 0.635759 0.018721 0.011570
1 0.436636 0.626081 0.045219 0.050173
0 0.502880 0.665928 0.029090 0.023248
0 0.510729 0.683175 0.040755 0.033304
0 0.558756 0.675065 0.043203 0.039360
0 0.578197 0.684418 0.030242 0.021518
1 0.595046 0.673119 0.046371 0.021626
1 0.264329 0.548497 0.065812 0.042928
0 0.174179 0.606672 0.040755 0.015030
1 0.238983 0.634624 0.061492 0.042171
1 0.209821 0.677498 0.071717 0.048335
1 0.273762 0.668361 0.065956 0.038927
1 0.314876 0.659494 0.075029 0.044334
1 0.324237 0.702801 0.039603 0.045523
0 0.266633 0.598562 0.033554 0.048335
1 0.313868 0.574611 0.050259 0.038495
1 0.295723 0.584072 0.051123 0.039468
1 0.306020 0.613538 0.055876 0.029412
1 0.347206 0.597481 0.058468 0.038387
0 0.350086 0.628190 0.051267 0.037738
1 0.389617 0.655277 0.062356 0.038711
1 0.362327 0.653114 0.020737 0.027033
1 0.397609 0.601157 0.036578 0.049200
1 0.409562 0.574611 0.019873 0.038927
1 0.430444 0.583153 0.033986 0.026817
0 0.424827 0.599157 0.019873 0.014490
1 0.465510 0.665441 0.030962 0.045848
1 0.427995 0.661711 0.030242 0.017409
1 0.432676 0.649492 0.028082 0.016328
0 0.445637 0.687716 0.029522 0.035467
0 0.457229 0.708261 0.044931 0.037197
0 0.443188 0.741998 0.028082 0.031791
0 0.419355 0.773465 0.041187 0.040657
0 0.464214 0.767842 0.026354 0.015787
0 0.477103 0.750595 0.040323 0.030385
0 0.540755 0.739295 0.057604 0.025519
1 0.500288 0.724211 0.065380 0.043144
1 0.522033 0.698962 0.022465 0.018815
1 0.546803 0.703233 0.041763 0.023897
1 0.613767 0.702098 0.073157 0.040874
1 0.690308 0.713019 0.043923 0.030493
1 0.694196 0.717290 0.055732 0.043144
0 0.672019 0.736105 0.033266 0.021951
0 0.592238 0.740755 0.022321 0.042928
0 0.575245 0.730266 0.013681 0.013300
0 0.540755 0.717344 0.022177 0.010597
0 0.556164 0.715452 0.035138 0.023032
1 0.661506 0.711938 0.024914 0.032223
1 0.628240 0.735348 0.050259 0.037305
0 0.646241 0.727184 0.021457 0.029412
0 0.628240 0.766652 0.060628 0.032872
0 0.640985 0.783953 0.052707 0.030709
0 0.703413 0.761300 0.055156 0.023897
1 0.716878 0.742593 0.027362 0.018923
1 0.758713 0.749459 0.053715 0.022491
1 0.753888 0.715668 0.057892 0.044442
1 0.799179 0.733456 0.036722 0.019896
1 0.722998 0.709505 0.023762 0.031683
1 0.742728 0.688744 0.063796 0.024330
0 0.731423 0.783467 0.061924 0.041847
0 0.820709 0.800281 0.038594 0.037413
0 0.784274 0.812176 0.052707 0.027465
0 0.746256 0.813852 0.031394 0.026276
0 0.800475 0.873486 0.043347 0.035900
1 0.919931 0.820988 0.059332 0.034278
1 0.900058 0.864241 0.020161 0.014814
1 0.863695 0.834991 0.048243 0.037630
1 0.863479 0.799578 0.051555 0.033196
1 0.828197 0.775195 0.019585 0.025519
1 0.851094 0.778060 0.016417 0.009624
1 0.775562 0.787954 0.048819 0.032007
1 0.761161 0.871810 0.028082 0.018490
1 0.704493 0.875487 0.040323 0.031683
1 0.706221 0.847589 0.059044 0.042063
1 0.636377 0.836776 0.046659 0.023897
1 0.636233 0.867863 0.059332 0.038495
1 0.669715 0.876568 0.037874 0.023032
0 0.716230 0.827152 0.021745 0.019788
0 0.699885 0.896302 0.025922 0.016652
0 0.667339 0.814392 0.048099 0.046172
0 0.637673 0.810229 0.024770 0.031358
0 0.560556 0.756488 0.057460 0.022059
1 0.594758 0.771572 0.030818 0.022599
1 0.672091 0.760489 0.013825 0.009299
1 0.560844 0.785521 0.069556 0.034710
1 0.504824 0.779304 0.042195 0.038495
1 0.530890 0.800065 0.032978 0.018166
0 0.514545 0.753298 0.044931 0.020437
1 0.462198 0.779466 0.032978 0.020004
1 0.386809 0.674578 0.029666 0.019139
1 0.407546 0.663495 0.022753 0.015355
1 0.283554 0.733023 0.057604 0.044766
1 0.383785 0.743620 0.068260 0.048659
0 0.391273 0.714911 0.028226 0.011138
0 0.421803 0.728212 0.016129 0.012003
1 0.371904 0.691609 0.026354 0.029412
1 0.394585 0.696529 0.020449 0.014165
0 0.350230 0.686040 0.025058 0.026708
0 0.325245 0.733186 0.039603 0.031250
0 0.356639 0.711505 0.024914 0.032872
1 0.436780 0.772978 0.024194 0.035143
1 0.314516 0.764057 0.070565 0.036765
0 0.268361 0.772816 0.026354 0.019247
0 0.357503 0.790982 0.057172 0.021194
0 0.388249 0.802498 0.038306 0.016328
1 0.447365 0.812662 0.066388 0.045091
1 0.482575 0.819961 0.024770 0.052768
1 0.500720 0.816014 0.014689 0.012435
0 0.529954 0.816663 0.020737 0.015030
0 0.423603 0.829585 0.037874 0.023789
0 0.367296 0.818015 0.056596 0.018599
1 0.354479 0.834667 0.024626 0.018815
1 0.384577 0.826719 0.048819 0.035359
1 0.337054 0.808878 0.030098 0.019788
1 0.199957 0.809959 0.046515 0.044226
1 0.251224 0.806174 0.055444 0.037089
1 0.254392 0.831315 0.037298 0.024654
1 0.212630 0.831045 0.049107 0.035143
1 0.304147 0.813798 0.016129 0.018382
1 0.240927 0.789414 0.031682 0.010705
1 0.205933 0.846724 0.060196 0.013300
1 0.276858 0.868242 0.077333 0.050065
1 0.223934 0.894626 0.015553 0.018058
1 0.238479 0.846129 0.033698 0.011678
1 0.318764 0.875433 0.034130 0.026817
0 0.276642 0.893545 0.026210 0.021302
1 0.261305 0.940149 0.043635 0.039901
1 0.315740 0.940798 0.058324 0.057418
1 0.388177 0.948638 0.022321 0.016869
1 0.334893 0.894031 0.045363 0.042604
1 0.366575 0.878244 0.015985 0.025303
1 0.385585 0.899870 0.023185 0.043253
0 0.434260 0.899870 0.030674 0.043685
0 0.468318 0.900681 0.031394 0.032331
0 0.495896 0.886354 0.025778 0.019031
1 0.379464 0.866512 0.030818 0.029304
1 0.404810 0.863538 0.040899 0.033953
1 0.428931 0.854563 0.044787 0.031358
0 0.463566 0.858834 0.056164 0.041198
1 0.491215 0.903709 0.017569 0.021951
1 0.631336 0.894031 0.048387 0.026600
0 0.657618 0.915928 0.051987 0.051146
0 0.634073 0.940203 0.023329 0.023573
1 0.612399 0.925011 0.040179 0.027357
0 0.507416 0.833910 0.018577 0.011462
0 0.575677 0.809148 0.049107 0.019680
0 0.561780 0.828341 0.016993 0.016760
0 0.585685 0.827368 0.033122 0.016760
0 0.600086 0.842993 0.039171 0.029412
0 0.580429 0.870891 0.022321 0.019031
0 0.561060 0.871648 0.013537 0.021194
0 0.514905 0.859537 0.032978 0.033953
0 0.544715 0.862619 0.021457 0.014814
1 0.523690 0.884678 0.027506 0.015030
1 0.525778 0.872405 0.032834 0.014706
1 0.556020 0.852617 0.014113 0.013625
1 0.572293 0.844507 0.018145 0.019464
0 0.541835 0.950584 0.037298 0.038495
1 0.572149 0.932634 0.033122 0.015571
1 0.504608 0.981131 0.057316 0.037738
1 0.454133 0.934743 0.018577 0.031466
1 0.470766 0.932850 0.018145 0.016220
1 0.497192 0.924254 0.049395 0.029736
1 0.494096 0.946583 0.033698 0.026384
1 0.516777 0.950638 0.014545 0.013949
1 0.571357 0.902844 0.058612 0.045956
1 0.531754 0.926795 0.041619 0.028763
1 0.546731 0.914630 0.031538 0.020004
1 0.546155 0.889273 0.018001 0.016652
