1 0.100292 0.155026 0.037954 0.066676
1 0.084018 0.207373 0.052984 0.044643
1 0.079531 0.233511 0.024113 0.024338
0 0.146897 0.213350 0.059797 0.069844
1 0.167009 0.155674 0.046605 0.055012
0 0.253893 0.065596 0.025735 0.045075
1 0.168847 0.096774 0.050281 0.069412
1 0.216479 0.145089 0.066176 0.056020
0 0.269356 0.255832 0.059040 0.042771
1 0.219507 0.189012 0.058391 0.063796
1 0.258813 0.165107 0.019356 0.045651
1 0.279628 0.145449 0.064446 0.066820
1 0.319312 0.093246 0.079801 0.062356
1 0.285305 0.152938 0.044442 0.052419
1 0.317853 0.097134 0.042712 0.059476
1 0.340182 0.094830 0.019680 0.028658
1 0.376946 0.063148 0.046497 0.079061
0 0.355050 0.141057 0.037954 0.053427
1 0.105753 0.316100 0.066825 0.101094
1 0.065636 0.286722 0.060554 0.082949
0 0.163603 0.310268 0.053417 0.070709
1 0.197827 0.246256 0.055688 0.081797
1 0.240322 0.242800 0.044875 0.076325
1 0.290549 0.207373 0.056661 0.075461
1 0.346453 0.228687 0.058175 0.085541
1 0.391328 0.195781 0.044983 0.076757
0 0.424632 0.140985 0.056661 0.072581
1 0.425660 0.195349 0.036440 0.045075
0 0.444853 0.194124 0.045199 0.052995
0 0.473508 0.171371 0.014490 0.019873
1 0.478644 0.192324 0.035359 0.028658
0 0.467993 0.221630 0.044983 0.043491
0 0.485186 0.238911 0.029628 0.023041
1 0.521843 0.036146 0.032007 0.072005
1 0.554228 0.158842 0.066501 0.075173
1 0.590506 0.075965 0.056661 0.071285
1 0.626676 0.117656 0.032764 0.032834
1 0.683661 0.110455 0.063257 0.079205
1 0.736538 0.111103 0.051579 0.056596
0 0.734970 0.104767 0.032439 0.025778
1 0.778439 0.139473 0.053849 0.047091
1 0.617593 0.214430 0.051146 0.075173
0 0.664522 0.175259 0.034710 0.082949
1 0.729077 0.152650 0.048984 0.075461
1 0.709180 0.216590 0.065852 0.091878
1 0.694583 0.165683 0.023465 0.030674
1 0.646951 0.259721 0.059905 0.074741
1 0.571421 0.235527 0.041847 0.077621
0 0.600941 0.241143 0.026060 0.038162
0 0.533413 0.238407 0.049957 0.060340
0 0.539414 0.274410 0.016328 0.035282
0 0.475022 0.261377 0.067907 0.029954
0 0.381326 0.270521 0.022816 0.077045
1 0.414955 0.252232 0.051146 0.073877
1 0.314392 0.272249 0.040766 0.040179
1 0.216533 0.301771 0.043793 0.054868
1 0.419875 0.315020 0.049957 0.075893
0 0.466155 0.302635 0.026168 0.076469
0 0.504596 0.299467 0.051362 0.062356
0 0.521086 0.280746 0.023789 0.025778
0 0.604942 0.272105 0.026492 0.028370
0 0.613700 0.293059 0.029087 0.038018
1 0.583099 0.307460 0.028222 0.033698
0 0.544172 0.343462 0.068231 0.072581
0 0.591804 0.345622 0.040225 0.063076
0 0.636516 0.326685 0.052660 0.044787
1 0.655655 0.300475 0.013300 0.033842
1 0.683283 0.274554 0.028979 0.053715
1 0.696691 0.287514 0.050822 0.057172
0 0.728266 0.285282 0.023140 0.042915
1 0.761354 0.176483 0.051254 0.073877
1 0.897005 0.133497 0.029304 0.043203
0 0.801471 0.146817 0.047145 0.041619
0 0.832018 0.194916 0.060446 0.080213
1 0.865160 0.198733 0.047578 0.084677
0 0.776384 0.227319 0.068123 0.057172
0 0.866674 0.271817 0.061635 0.065524
0 0.910089 0.266417 0.042712 0.041763
1 0.748270 0.272033 0.022059 0.034850
1 0.193339 0.348286 0.033088 0.040755
1 0.181823 0.374640 0.049632 0.063508
0 0.214641 0.360527 0.058607 0.067252
0 0.144680 0.391273 0.053417 0.083813
1 0.258759 0.322509 0.065744 0.075317
1 0.337749 0.315956 0.081856 0.095334
1 0.310067 0.355415 0.054823 0.081221
0 0.275789 0.382632 0.028006 0.030818
1 0.389003 0.349078 0.048767 0.063364
0 0.440636 0.356567 0.054066 0.051555
0 0.464911 0.379176 0.029952 0.052995
0 0.496540 0.391417 0.023140 0.036866
0 0.563960 0.398690 0.031034 0.035858
0 0.606510 0.382993 0.058607 0.049395
0 0.711019 0.338854 0.056553 0.058180
0 0.678201 0.353255 0.028763 0.028226
1 0.671551 0.377304 0.047902 0.071429
1 0.762922 0.366359 0.034710 0.054724
0 0.748811 0.296947 0.040441 0.042051
0 0.799524 0.307172 0.052119 0.055012
1 0.786603 0.270233 0.048984 0.063508
1 0.820123 0.257128 0.031683 0.044211
1 0.837154 0.342598 0.073746 0.086694
1 0.946583 0.299683 0.045199 0.050115
0 0.922524 0.307676 0.063041 0.036146
1 0.954693 0.354911 0.083261 0.075893
0 0.886192 0.346486 0.043144 0.040611
1 0.871756 0.316028 0.013408 0.024626
1 0.893328 0.330933 0.037738 0.030530
0 0.779520 0.401210 0.040225 0.082949
0 0.821421 0.409346 0.036224 0.049683
1 0.882948 0.413594 0.032980 0.079205
1 0.894626 0.407690 0.036440 0.098790
1 0.859267 0.426627 0.042712 0.078773
1 0.806769 0.432532 0.057742 0.058612
1 0.696637 0.420507 0.041414 0.065956
1 0.727995 0.397177 0.030817 0.021313
1 0.754974 0.413450 0.012111 0.033986
1 0.733780 0.428859 0.047145 0.063364
1 0.727887 0.463566 0.054823 0.045507
0 0.625811 0.409634 0.064122 0.049395
0 0.623216 0.455213 0.056120 0.065380
1 0.540171 0.435628 0.024113 0.075749
1 0.565149 0.468534 0.058499 0.041043
1 0.502920 0.466878 0.034386 0.061060
1 0.471237 0.443692 0.048443 0.061924
1 0.431445 0.430156 0.054282 0.087270
0 0.370188 0.397033 0.053525 0.049539
1 0.407548 0.391129 0.033304 0.037154
1 0.081207 0.415251 0.077206 0.089430
1 0.032656 0.450749 0.035251 0.070565
1 0.064825 0.463926 0.027141 0.047955
1 0.105158 0.475734 0.065636 0.082517
1 0.159494 0.473790 0.048443 0.078341
0 0.187176 0.436636 0.031574 0.061060
1 0.225130 0.415467 0.055796 0.061348
1 0.260489 0.405674 0.042171 0.025634
0 0.271248 0.452981 0.051146 0.078485
1 0.313365 0.434116 0.058175 0.091446
0 0.322340 0.429435 0.022059 0.048099
0 0.357969 0.440884 0.036008 0.041331
1 0.222156 0.486103 0.056120 0.057172
1 0.160846 0.428931 0.021302 0.016849
0 0.342020 0.475302 0.017950 0.026642
1 0.367485 0.486175 0.041198 0.058180
1 0.403871 0.468966 0.063149 0.090006
1 0.409981 0.463422 0.046821 0.058468
1 0.936365 0.490567 0.045307 0.073301
0 0.951665 0.504320 0.015787 0.036578
0 0.971778 0.529594 0.056445 0.059476
1 0.693123 0.498128 0.055363 0.066244
0 0.880731 0.496112 0.058391 0.061060
1 0.829855 0.482071 0.052876 0.096054
1 0.797308 0.490711 0.071259 0.090582
1 0.846994 0.556092 0.054931 0.060052
0 0.923497 0.571861 0.038603 0.070565
0 0.805309 0.542411 0.030601 0.041619
1 0.817204 0.575965 0.011570 0.013393
0 0.745729 0.526498 0.027357 0.040611
1 0.723400 0.523185 0.035467 0.028802
0 0.644572 0.522177 0.049092 0.071429
1 0.651438 0.559908 0.031250 0.050115
0 0.593372 0.528658 0.053525 0.050115
1 0.533953 0.558756 0.053849 0.079781
0 0.519410 0.508569 0.039252 0.073301
1 0.456964 0.494816 0.042604 0.039747
0 0.471507 0.524698 0.059148 0.063508
1 0.422632 0.559764 0.036008 0.078629
1 0.459613 0.581149 0.043577 0.077909
0 0.391706 0.530746 0.023032 0.028658
1 0.309364 0.509649 0.048659 0.090438
1 0.345642 0.527362 0.052444 0.076901
1 0.347643 0.536794 0.040009 0.056884
1 0.243891 0.528730 0.028006 0.042483
1 0.133272 0.533626 0.057418 0.065812
1 0.186689 0.537082 0.048551 0.081941
0 0.216047 0.561492 0.048010 0.066532
1 0.263030 0.594686 0.059364 0.043347
1 0.316555 0.586694 0.053525 0.071429
1 0.111970 0.578053 0.072989 0.082661
1 0.079531 0.596702 0.056769 0.085397
1 0.164090 0.595910 0.034061 0.082085
1 0.121540 0.631480 0.042604 0.040323
1 0.192258 0.604191 0.032223 0.023185
1 0.194907 0.639473 0.081207 0.064084
1 0.261138 0.650058 0.051903 0.073445
1 0.302336 0.639689 0.034818 0.051267
1 0.274654 0.684620 0.007569 0.013249
0 0.349481 0.594182 0.037846 0.060196
1 0.367431 0.557532 0.062716 0.058900
0 0.395004 0.605127 0.015355 0.030530
1 0.425768 0.630544 0.033845 0.067828
1 0.477401 0.625216 0.054498 0.081077
0 0.524600 0.618736 0.019788 0.030386
0 0.449449 0.646601 0.030601 0.056740
1 0.564663 0.604551 0.066825 0.088710
0 0.560229 0.608439 0.023573 0.027650
1 0.626568 0.619168 0.060013 0.085685
1 0.699070 0.562428 0.055363 0.085109
1 0.761354 0.584029 0.050389 0.078773
0 0.723454 0.599582 0.028222 0.050835
1 0.687392 0.624784 0.031142 0.062644
1 0.703828 0.645233 0.024005 0.051123
1 0.851968 0.616287 0.049524 0.076181
0 0.899654 0.631408 0.046064 0.053427
1 0.921551 0.628600 0.036440 0.055300
1 0.874784 0.637529 0.026384 0.057316
1 0.928201 0.654882 0.052336 0.056020
1 0.893004 0.679507 0.034710 0.046227
0 0.839911 0.671227 0.053093 0.069412
1 0.870783 0.684692 0.010813 0.035858
0 0.968750 0.675259 0.035467 0.039747
1 0.931391 0.697005 0.048119 0.062788
1 0.966047 0.728687 0.042171 0.073157
0 0.873216 0.749352 0.060013 0.049971
1 0.906683 0.780458 0.037413 0.058900
1 0.923497 0.773474 0.018923 0.054435
1 0.899762 0.799251 0.056661 0.073733
1 0.889760 0.830645 0.023032 0.050403
1 0.811473 0.912226 0.066933 0.084821
1 0.792550 0.871040 0.019356 0.013393
0 0.870783 0.876872 0.073962 0.058756
0 0.807472 0.823949 0.026492 0.051123
1 0.869269 0.822653 0.011678 0.015409
1 0.843804 0.813652 0.030169 0.037730
1 0.836289 0.823301 0.017301 0.022465
1 0.867377 0.839862 0.026060 0.023329
1 0.817258 0.793779 0.023140 0.041187
1 0.822124 0.815884 0.010597 0.010225
0 0.829693 0.712630 0.027898 0.019441
0 0.817150 0.738335 0.030061 0.035714
0 0.794172 0.772681 0.037305 0.037010
0 0.794280 0.681956 0.046821 0.065524
1 0.789630 0.736319 0.046172 0.055876
1 0.737727 0.784994 0.006812 0.007200
1 0.724103 0.764761 0.026492 0.031538
1 0.766112 0.833237 0.006920 0.006624
1 0.753082 0.656466 0.045956 0.052851
0 0.728482 0.680588 0.036332 0.047811
1 0.749946 0.695853 0.026276 0.052131
1 0.648843 0.653730 0.065852 0.038738
1 0.675768 0.713566 0.053093 0.084389
1 0.674308 0.707373 0.022924 0.017281
1 0.686148 0.771601 0.041847 0.048387
0 0.616133 0.752520 0.058607 0.058324
0 0.718372 0.838062 0.053741 0.075317
1 0.677606 0.880688 0.047686 0.099510
1 0.641328 0.896097 0.049957 0.094326
1 0.587749 0.922163 0.071907 0.061780
1 0.491458 0.939300 0.070069 0.068980
1 0.532061 0.893001 0.057418 0.067396
1 0.586451 0.839646 0.053741 0.091446
1 0.573638 0.879320 0.029628 0.037730
1 0.622513 0.810268 0.048659 0.064948
1 0.600076 0.680588 0.052011 0.091302
1 0.569637 0.676195 0.011894 0.041907
0 0.531899 0.676915 0.062716 0.073013
1 0.552552 0.722422 0.042171 0.047667
0 0.515030 0.739991 0.028330 0.059476
0 0.469561 0.710253 0.058499 0.076037
1 0.550011 0.781178 0.042496 0.071285
1 0.508056 0.802491 0.054174 0.079925
1 0.486321 0.827477 0.055255 0.045507
1 0.530980 0.847782 0.071475 0.098502
0 0.471129 0.754752 0.032007 0.028802
0 0.333261 0.662226 0.013625 0.016273
0 0.318123 0.668131 0.023140 0.036722
0 0.297470 0.665035 0.029412 0.032546
0 0.378785 0.692180 0.033521 0.073589
1 0.416793 0.693404 0.044442 0.043779
0 0.443177 0.763393 0.051795 0.050115
1 0.413333 0.780818 0.023248 0.084389
1 0.398086 0.768289 0.034278 0.077477
0 0.361159 0.770305 0.048010 0.081221
0 0.339371 0.700461 0.016544 0.025922
0 0.335586 0.794211 0.019788 0.050979
0 0.295199 0.731927 0.048659 0.066964
0 0.292009 0.786362 0.053309 0.060628
1 0.320880 0.762529 0.021086 0.058468
0 0.245080 0.794787 0.056553 0.069700
0 0.273897 0.850590 0.045415 0.053715
1 0.435770 0.819196 0.052552 0.080213
1 0.410792 0.881912 0.052119 0.067684
1 0.426525 0.927131 0.058283 0.069700
1 0.382245 0.885009 0.029844 0.086550
1 0.340560 0.858439 0.065203 0.074309
1 0.317258 0.915179 0.038927 0.077189
1 0.263841 0.921011 0.060770 0.080501
0 0.218750 0.902434 0.054282 0.037874
0 0.175065 0.902650 0.033953 0.065092
1 0.139219 0.890841 0.050065 0.066532
1 0.127703 0.844974 0.039360 0.043059
1 0.153114 0.827261 0.062067 0.057748
1 0.187770 0.791115 0.050065 0.064372
1 0.120026 0.767425 0.041090 0.064228
0 0.140679 0.771529 0.051254 0.058324
1 0.215074 0.738767 0.070069 0.078341
0 0.133975 0.712342 0.040441 0.050547
1 0.135651 0.675403 0.052444 0.068260
1 0.174903 0.690164 0.044010 0.077909
