1 0.320015 0.020017 0.020004 0.022177
1 0.249297 0.049539 0.033845 0.029378
1 0.270004 0.063940 0.020545 0.018721
1 0.425065 0.029306 0.013192 0.015409
1 0.319258 0.088782 0.024546 0.038450
0 0.421064 0.091950 0.050822 0.075317
1 0.042496 0.228039 0.058391 0.094038
1 0.066609 0.194700 0.044550 0.072005
0 0.093966 0.259721 0.048227 0.073877
0 0.071529 0.299179 0.016328 0.038738
0 0.096291 0.313868 0.038603 0.052563
0 0.121864 0.277650 0.018382 0.050403
0 0.061581 0.322149 0.028006 0.028802
1 0.069150 0.355703 0.037305 0.043203
1 0.077422 0.368880 0.041090 0.042771
1 0.111105 0.321141 0.014814 0.017281
0 0.118188 0.352103 0.034602 0.062788
1 0.117647 0.184764 0.023573 0.041475
1 0.129542 0.235599 0.046497 0.060484
1 0.144518 0.295147 0.031034 0.041331
0 0.147491 0.351238 0.039360 0.066244
0 0.173497 0.321141 0.031250 0.051843
1 0.131380 0.187860 0.016220 0.039891
1 0.156791 0.163522 0.053417 0.052851
1 0.197881 0.135369 0.062067 0.051843
0 0.188311 0.166619 0.011786 0.020161
0 0.152898 0.206077 0.032007 0.041763
1 0.165766 0.226815 0.032439 0.033122
1 0.176579 0.275274 0.028114 0.051411
1 0.193718 0.266129 0.028439 0.034850
1 0.197881 0.223286 0.033088 0.057172
0 0.213560 0.257128 0.016220 0.032690
1 0.198043 0.316892 0.022816 0.043635
1 0.202909 0.316460 0.029520 0.031250
0 0.217074 0.289459 0.025627 0.040323
0 0.239403 0.302779 0.042171 0.041331
0 0.181661 0.377736 0.036116 0.038306
1 0.211343 0.376512 0.054390 0.052275
0 0.223562 0.189012 0.033629 0.061492
1 0.240593 0.191892 0.055796 0.091158
1 0.237943 0.266345 0.023465 0.026930
1 0.256434 0.253744 0.019788 0.048963
1 0.264706 0.294715 0.012543 0.032690
0 0.282331 0.272033 0.042171 0.045219
1 0.245080 0.333741 0.030385 0.029234
0 0.245026 0.360671 0.017301 0.025490
1 0.268058 0.353759 0.046064 0.052851
1 0.310229 0.364703 0.048227 0.075893
1 0.291901 0.351599 0.022167 0.062932
0 0.285846 0.395377 0.025195 0.029810
0 0.295848 0.310124 0.049092 0.035570
0 0.286711 0.215582 0.019788 0.043203
1 0.282548 0.141921 0.054066 0.047955
0 0.290712 0.169211 0.028439 0.030242
1 0.358564 0.107719 0.041090 0.037730
0 0.327801 0.137241 0.032115 0.040323
1 0.370242 0.152362 0.047145 0.064804
1 0.366079 0.134217 0.048984 0.021601
1 0.317312 0.167051 0.013300 0.043203
0 0.329855 0.193764 0.040766 0.052851
1 0.356185 0.204349 0.035035 0.062500
1 0.421551 0.152938 0.025627 0.050403
1 0.356672 0.165899 0.019788 0.030242
0 0.406034 0.202045 0.019896 0.046083
1 0.424038 0.198733 0.019139 0.026786
1 0.396140 0.172883 0.016544 0.032114
0 0.381380 0.215510 0.019464 0.029810
0 0.374243 0.189660 0.029844 0.047523
1 0.381650 0.230919 0.019572 0.027794
0 0.363322 0.233223 0.019464 0.028946
0 0.314068 0.272249 0.024762 0.051411
0 0.334937 0.269585 0.021951 0.054724
0 0.347751 0.240135 0.012327 0.019729
1 0.342777 0.244096 0.022275 0.029378
1 0.370080 0.248344 0.018058 0.023762
0 0.380028 0.256480 0.022816 0.027362
1 0.358294 0.272465 0.031034 0.034562
0 0.334937 0.308396 0.047253 0.065812
0 0.381055 0.301339 0.044334 0.064372
0 0.362349 0.366863 0.058824 0.067828
0 0.453828 0.219758 0.034602 0.058756
0 0.441339 0.249280 0.019139 0.019585
0 0.423767 0.263105 0.046064 0.057604
0 0.462100 0.262817 0.023032 0.041763
0 0.454801 0.294931 0.021626 0.026498
0 0.414144 0.304435 0.037413 0.055300
0 0.442420 0.318836 0.029304 0.053283
0 0.473778 0.320060 0.046605 0.033554
1 0.397167 0.398041 0.050389 0.067684
1 0.416685 0.358295 0.035359 0.040035
1 0.452909 0.371976 0.047902 0.052707
1 0.430688 0.397537 0.045415 0.060052
0 0.494702 0.135657 0.069637 0.076325
1 0.476698 0.206941 0.027790 0.038882
1 0.497243 0.208165 0.014814 0.030674
1 0.518815 0.184548 0.037846 0.083957
1 0.510489 0.231135 0.029844 0.036002
0 0.492539 0.273185 0.026384 0.038882
0 0.511732 0.263753 0.022383 0.060916
1 0.478914 0.329997 0.039576 0.053139
0 0.492052 0.313868 0.019139 0.035282
1 0.508164 0.309332 0.010705 0.040035
1 0.497513 0.347854 0.031358 0.059476
1 0.531196 0.303211 0.038819 0.076757
1 0.538765 0.360887 0.059148 0.053571
1 0.486105 0.379032 0.033196 0.031682
1 0.477401 0.413162 0.038495 0.041187
1 0.495567 0.409562 0.015138 0.028226
0 0.535792 0.404594 0.046497 0.039603
1 0.565960 0.397825 0.052984 0.070132
1 0.531845 0.144369 0.016977 0.024050
1 0.560500 0.105847 0.022383 0.041763
0 0.560770 0.143433 0.044550 0.039459
0 0.553255 0.174827 0.020869 0.027362
1 0.575746 0.183900 0.034278 0.043203
0 0.599805 0.166331 0.035683 0.041763
0 0.559148 0.221198 0.049308 0.060484
1 0.546929 0.260657 0.052336 0.044067
1 0.562122 0.303715 0.043577 0.054724
0 0.586992 0.254032 0.021951 0.024482
0 0.581045 0.276498 0.018058 0.017281
0 0.585586 0.295867 0.018707 0.026642
1 0.588884 0.329205 0.020329 0.048963
1 0.581207 0.096558 0.019896 0.052275
1 0.599968 0.069700 0.014814 0.026498
0 0.604293 0.113623 0.049416 0.067108
0 0.616998 0.081437 0.021626 0.032690
1 0.642247 0.100230 0.036873 0.066244
0 0.643599 0.145521 0.022708 0.026354
0 0.629217 0.160642 0.022275 0.021169
0 0.630407 0.187860 0.036765 0.034994
0 0.602941 0.202765 0.034602 0.029378
0 0.619053 0.231639 0.048010 0.042771
1 0.636624 0.233223 0.055904 0.056884
0 0.607645 0.272969 0.038819 0.047091
1 0.608834 0.290179 0.019788 0.027362
0 0.605212 0.317396 0.023789 0.033986
1 0.634516 0.307676 0.037846 0.059476
0 0.614998 0.362543 0.029304 0.034130
1 0.722643 0.081293 0.101644 0.087126
1 0.783088 0.058612 0.058391 0.077765
1 0.812716 0.100158 0.054066 0.078773
1 0.856726 0.095406 0.044118 0.076757
1 0.883488 0.058108 0.032764 0.035570
1 0.910251 0.058108 0.039360 0.055732
0 0.892788 0.104695 0.046821 0.054724
1 0.917225 0.137961 0.041847 0.064804
1 0.944961 0.106567 0.046929 0.066244
1 0.960802 0.154810 0.027357 0.047523
0 0.944691 0.189948 0.032331 0.057604
1 0.908791 0.228975 0.057850 0.056740
1 0.871540 0.159922 0.057742 0.065812
1 0.853320 0.212126 0.056553 0.066244
1 0.807364 0.216230 0.032331 0.046515
1 0.768815 0.199669 0.047578 0.073013
1 0.735835 0.125936 0.040009 0.073589
1 0.708856 0.144369 0.024546 0.052851
0 0.673713 0.144153 0.045091 0.055300
1 0.701233 0.180732 0.041522 0.057028
0 0.701990 0.217238 0.031358 0.029234
1 0.735835 0.245320 0.045848 0.082517
1 0.696637 0.254464 0.057634 0.067684
0 0.667982 0.306020 0.028439 0.065668
0 0.688419 0.338710 0.032331 0.050403
1 0.681391 0.386449 0.038603 0.050835
0 0.707991 0.299467 0.055039 0.039603
1 0.701936 0.363983 0.017625 0.039891
1 0.719561 0.341302 0.033629 0.063364
1 0.752703 0.354983 0.055147 0.076325
1 0.750919 0.307676 0.016977 0.024914
0 0.781791 0.278370 0.027465 0.021889
0 0.780872 0.309836 0.032115 0.056308
1 0.815474 0.247120 0.056553 0.053571
1 0.835154 0.271313 0.028871 0.031106
0 0.807850 0.296803 0.029196 0.062788
1 0.840452 0.293995 0.041847 0.043635
1 0.790225 0.370536 0.052336 0.069124
1 0.819042 0.364919 0.042712 0.036002
0 0.818231 0.344110 0.041090 0.032402
0 0.832072 0.325677 0.021194 0.031250
0 0.865052 0.318836 0.042604 0.039747
1 0.872675 0.365135 0.067366 0.082517
1 0.846832 0.409130 0.067366 0.061924
1 0.940852 0.255688 0.047145 0.075893
1 0.913765 0.285498 0.050065 0.061492
1 0.887165 0.307460 0.029304 0.021601
1 0.948259 0.329205 0.021086 0.067972
0 0.904574 0.337486 0.046821 0.049971
0 0.926687 0.336046 0.028114 0.047955
1 0.911008 0.387529 0.063798 0.071717
1 0.945610 0.393505 0.031358 0.073013
0 0.965506 0.389977 0.031791 0.058180
0 0.083856 0.426411 0.040333 0.044643
1 0.122513 0.417123 0.026600 0.052851
0 0.141869 0.411434 0.029196 0.036002
0 0.152087 0.461550 0.034494 0.058180
0 0.194907 0.437500 0.052660 0.062788
1 0.238646 0.450749 0.050822 0.077765
0 0.282007 0.442180 0.045848 0.069556
1 0.173389 0.478111 0.018058 0.022177
0 0.076665 0.478327 0.044766 0.034994
1 0.062608 0.504824 0.026600 0.032690
0 0.041631 0.522825 0.035683 0.046515
1 0.114295 0.494240 0.048659 0.082085
1 0.086992 0.529018 0.052444 0.029810
1 0.042388 0.570997 0.050822 0.045507
1 0.094561 0.551915 0.042063 0.024050
1 0.305634 0.512385 0.053309 0.071717
1 0.190906 0.500576 0.050497 0.064228
1 0.250487 0.514113 0.050497 0.029666
0 0.240917 0.517137 0.015571 0.012961
1 0.226968 0.537010 0.057742 0.054724
0 0.168036 0.521169 0.022708 0.052707
1 0.196962 0.565812 0.045740 0.065380
1 0.153979 0.541043 0.047145 0.051843
0 0.120567 0.566316 0.040657 0.029810
0 0.076936 0.602679 0.016977 0.018721
1 0.105320 0.611967 0.057310 0.068980
1 0.146248 0.592958 0.036873 0.038738
1 0.187933 0.617800 0.052984 0.063364
0 0.213127 0.607719 0.047145 0.045219
1 0.238430 0.582661 0.043685 0.057604
0 0.145707 0.628240 0.023465 0.032690
0 0.267950 0.560628 0.019031 0.060484
1 0.292766 0.580645 0.050065 0.060484
0 0.311743 0.572653 0.031791 0.050835
0 0.327422 0.591446 0.023573 0.060484
0 0.351590 0.545507 0.043577 0.065668
1 0.201719 0.653298 0.046172 0.037298
1 0.244702 0.661866 0.060554 0.063364
0 0.272221 0.620464 0.032764 0.060916
1 0.298551 0.644729 0.036332 0.047523
0 0.318501 0.628456 0.018707 0.038018
0 0.347048 0.616215 0.026492 0.062500
1 0.331639 0.640337 0.022708 0.063220
1 0.356077 0.647177 0.020329 0.046659
0 0.336830 0.686852 0.038495 0.058612
1 0.367485 0.700245 0.027790 0.072149
1 0.349481 0.757632 0.037846 0.067684
1 0.372783 0.784922 0.032115 0.052275
1 0.327530 0.750936 0.035251 0.082805
0 0.334180 0.748488 0.017625 0.050259
0 0.322016 0.823445 0.052336 0.056164
1 0.314771 0.868880 0.023573 0.027794
1 0.314987 0.912154 0.044118 0.055300
1 0.312338 0.719974 0.032115 0.050835
1 0.293415 0.734663 0.059797 0.064660
1 0.282764 0.762529 0.037846 0.048387
0 0.284386 0.852103 0.045415 0.034562
1 0.281142 0.820853 0.035251 0.065380
0 0.265247 0.799683 0.032439 0.056740
1 0.257894 0.765337 0.024870 0.025490
1 0.248162 0.727463 0.032007 0.071573
1 0.260110 0.879320 0.048335 0.057604
1 0.112132 0.937068 0.040009 0.063364
0 0.063365 0.669283 0.031791 0.041907
0 0.077422 0.701109 0.044118 0.034994
1 0.086397 0.744960 0.045415 0.054724
1 0.079639 0.785426 0.039684 0.058180
1 0.076936 0.837630 0.029952 0.062356
1 0.112727 0.664603 0.050497 0.058180
1 0.136246 0.647897 0.017301 0.026786
0 0.159332 0.656394 0.015895 0.017569
1 0.127703 0.718534 0.046497 0.053715
1 0.126622 0.797739 0.058607 0.112183
1 0.114241 0.812356 0.043361 0.048387
0 0.098400 0.826037 0.021626 0.038306
0 0.116566 0.887601 0.022708 0.019153
0 0.161873 0.892497 0.021626 0.024626
1 0.132407 0.850734 0.059364 0.058036
1 0.175984 0.859159 0.050065 0.076901
1 0.161981 0.701685 0.029844 0.072149
1 0.197610 0.705285 0.056553 0.066676
0 0.161927 0.745464 0.019788 0.024050
1 0.171280 0.767497 0.021194 0.056884
1 0.195069 0.763249 0.039360 0.059620
1 0.220048 0.774770 0.033521 0.080645
1 0.229401 0.822077 0.042063 0.071573
1 0.220696 0.856567 0.033521 0.061924
1 0.943501 0.435484 0.064338 0.043203
1 0.891166 0.428859 0.031899 0.025922
1 0.902141 0.463566 0.055147 0.070565
1 0.930255 0.480487 0.040009 0.041043
1 0.887543 0.510369 0.052984 0.059044
1 0.902411 0.536146 0.052444 0.076325
1 0.923767 0.566028 0.058391 0.094326
1 0.872675 0.597350 0.035143 0.061924
1 0.909710 0.645233 0.059472 0.052563
0 0.926795 0.685340 0.016652 0.048963
1 0.896248 0.706077 0.065852 0.066244
1 0.879001 0.753600 0.054066 0.051843
1 0.911927 0.771961 0.034494 0.059764
1 0.920091 0.745104 0.017301 0.018721
1 0.921334 0.809908 0.043793 0.041763
1 0.906196 0.842958 0.053525 0.054868
1 0.871432 0.815884 0.057310 0.074165
1 0.835640 0.769081 0.034602 0.058324
1 0.827530 0.803283 0.033521 0.060484
0 0.852725 0.457301 0.030709 0.042483
1 0.838452 0.527290 0.050822 0.071285
0 0.821421 0.607215 0.043793 0.033842
1 0.841155 0.645953 0.044334 0.055444
1 0.818123 0.694916 0.051254 0.069844
0 0.784007 0.735311 0.028655 0.066820
1 0.798389 0.763465 0.040117 0.046803
1 0.830558 0.873560 0.032007 0.044067
1 0.810013 0.833885 0.049308 0.074165
0 0.791901 0.889473 0.044442 0.064084
1 0.766490 0.916115 0.029304 0.038162
1 0.351211 0.409778 0.042171 0.046803
1 0.331045 0.432964 0.056769 0.055444
0 0.327422 0.469902 0.033521 0.044643
1 0.351049 0.496328 0.031899 0.029522
1 0.372405 0.465006 0.031358 0.051843
1 0.405385 0.450965 0.037846 0.043923
0 0.394734 0.479047 0.039468 0.048243
0 0.430796 0.483295 0.033521 0.052419
1 0.453990 0.454421 0.056120 0.062644
1 0.485294 0.473142 0.038927 0.065524
1 0.400465 0.518505 0.026060 0.028082
0 0.520491 0.448445 0.034494 0.057604
0 0.571583 0.450965 0.040441 0.051123
1 0.618134 0.427059 0.053525 0.059764
1 0.655169 0.423531 0.034602 0.036578
1 0.703179 0.420291 0.051903 0.075029
1 0.750811 0.429724 0.028006 0.074885
1 0.781304 0.405170 0.050281 0.044787
1 0.798389 0.451613 0.077963 0.103111
1 0.655601 0.477967 0.040009 0.073445
0 0.688311 0.481927 0.032980 0.062644
1 0.737565 0.493088 0.044983 0.076325
1 0.782980 0.519225 0.057742 0.064084
0 0.790063 0.526210 0.044875 0.048963
0 0.634840 0.518865 0.053417 0.051843
0 0.683824 0.546011 0.044334 0.064084
1 0.730861 0.548459 0.049740 0.056308
0 0.614890 0.571213 0.031899 0.064084
0 0.802930 0.565668 0.036224 0.043203
0 0.765895 0.574453 0.038927 0.037442
1 0.797362 0.596990 0.023789 0.028082
1 0.771140 0.609303 0.032980 0.039747
1 0.781358 0.650778 0.062284 0.063364
1 0.774005 0.689516 0.033521 0.034562
1 0.712370 0.591734 0.037846 0.044643
0 0.733294 0.611823 0.037305 0.070709
0 0.712965 0.669859 0.051795 0.062644
1 0.731077 0.665179 0.048227 0.092166
0 0.757515 0.716662 0.037305 0.033842
0 0.610456 0.620896 0.037305 0.051123
0 0.601049 0.643433 0.036873 0.031682
1 0.643220 0.610671 0.049632 0.049683
1 0.670848 0.654666 0.038927 0.072869
1 0.585965 0.721558 0.062716 0.097206
0 0.633975 0.693836 0.023789 0.066244
1 0.705612 0.728183 0.066501 0.058324
1 0.726211 0.766273 0.038495 0.036578
1 0.739998 0.764545 0.046605 0.061924
1 0.761354 0.800763 0.054498 0.061204
0 0.768328 0.853471 0.043793 0.048243
1 0.693447 0.774266 0.028114 0.042483
1 0.680201 0.797955 0.039468 0.036578
0 0.657602 0.704709 0.042712 0.073589
0 0.655169 0.769441 0.044334 0.069124
1 0.662684 0.843318 0.049632 0.059908
1 0.660035 0.891201 0.050822 0.041907
1 0.696259 0.902434 0.046497 0.065524
1 0.713776 0.846126 0.051254 0.062644
1 0.727617 0.884793 0.050822 0.043203
1 0.612889 0.710037 0.030277 0.048243
0 0.616728 0.759145 0.040117 0.065524
1 0.585370 0.792267 0.042063 0.041043
1 0.611646 0.823229 0.042712 0.052563
1 0.593155 0.849006 0.035143 0.039603
1 0.610456 0.857791 0.050281 0.059764
1 0.379866 0.551987 0.037846 0.047523
1 0.416739 0.547379 0.041090 0.074309
0 0.450260 0.520305 0.043253 0.060484
1 0.483456 0.550907 0.040441 0.066964
0 0.499730 0.502016 0.035143 0.068260
1 0.532710 0.493088 0.040549 0.054724
0 0.549362 0.519945 0.032980 0.049683
1 0.602076 0.480847 0.041090 0.060484
0 0.566717 0.522825 0.024438 0.042483
0 0.587587 0.535426 0.041090 0.040323
0 0.571529 0.572653 0.025411 0.061204
1 0.572610 0.643145 0.041631 0.088710
1 0.514003 0.559980 0.042063 0.067540
1 0.517463 0.555732 0.039468 0.037442
0 0.537197 0.581149 0.029196 0.048243
1 0.535143 0.585469 0.064879 0.095766
1 0.535575 0.640625 0.036765 0.072149
1 0.535954 0.690956 0.037305 0.067684
0 0.563798 0.707157 0.022708 0.065524
1 0.585370 0.722278 0.060662 0.092886
0 0.533737 0.752160 0.044983 0.066244
0 0.558337 0.790467 0.016328 0.041763
0 0.547740 0.814876 0.022167 0.037298
1 0.524546 0.798243 0.033953 0.044643
0 0.540820 0.835685 0.012435 0.020161
1 0.561365 0.854551 0.042712 0.070565
0 0.383380 0.599510 0.047037 0.050403
1 0.370134 0.649338 0.028114 0.053283
1 0.424254 0.613551 0.045307 0.062644
1 0.402682 0.653946 0.055147 0.069700
0 0.393382 0.701541 0.031358 0.030962
1 0.403925 0.703989 0.050281 0.056308
1 0.385381 0.741359 0.018382 0.021601
0 0.390679 0.781394 0.023789 0.055588
1 0.412089 0.766273 0.044983 0.081221
1 0.389868 0.809188 0.041631 0.037442
0 0.413441 0.829637 0.046605 0.053859
1 0.429985 0.887313 0.052444 0.079925
1 0.482645 0.872192 0.040117 0.056884
1 0.450746 0.815884 0.035575 0.071285
1 0.482429 0.816244 0.042712 0.069124
1 0.492863 0.756120 0.043253 0.061204
1 0.452963 0.725878 0.034602 0.039603
0 0.476752 0.709677 0.018382 0.024482
0 0.454585 0.707877 0.022708 0.039603
0 0.441771 0.699741 0.029736 0.050403
0 0.438311 0.664459 0.022816 0.037442
1 0.476373 0.660714 0.056769 0.073445
0 0.509462 0.655458 0.016760 0.048243
1 0.451287 0.630112 0.029304 0.025202
1 0.468642 0.595910 0.047578 0.060484
0 0.646518 0.375792 0.034170 0.056884
