1 0.037514 0.213992 0.058900 0.027033
1 0.179003 0.155872 0.050403 0.038170
1 0.312284 0.091750 0.071861 0.053741
1 0.367512 0.065149 0.034850 0.039035
1 0.432316 0.046064 0.061924 0.068339
1 0.452261 0.018112 0.059188 0.031034
1 0.493736 0.057418 0.066100 0.060121
1 0.468822 0.092993 0.059188 0.033088
1 0.440020 0.119215 0.041331 0.042712
1 0.413378 0.124297 0.051699 0.040333
1 0.292051 0.150357 0.066532 0.061743
1 0.222854 0.181661 0.082517 0.049308
1 0.167987 0.203233 0.039315 0.048984
1 0.200317 0.231239 0.074021 0.031683
1 0.279594 0.239187 0.052563 0.051903
1 0.239919 0.236051 0.029090 0.034386
1 0.184404 0.276060 0.074453 0.061419
1 0.123992 0.320772 0.069700 0.042063
1 0.205069 0.321583 0.068548 0.034818
1 0.205141 0.363214 0.062068 0.068123
1 0.169355 0.382245 0.059620 0.057526
1 0.142497 0.400195 0.052851 0.030061
1 0.126368 0.421713 0.067252 0.055363
1 0.114775 0.477076 0.073157 0.048875
1 0.197509 0.533575 0.047955 0.039252
1 0.158914 0.513571 0.043923 0.030601
1 0.158554 0.531845 0.031970 0.027141
1 0.143289 0.540225 0.019297 0.024654
1 0.175691 0.566771 0.063076 0.044010
1 0.171227 0.616728 0.036866 0.034494
1 0.210181 0.639544 0.076757 0.042928
1 0.264473 0.645978 0.039891 0.038927
1 0.276642 0.689068 0.069988 0.034494
1 0.238623 0.715398 0.046371 0.036981
1 0.312500 0.716371 0.025634 0.039144
1 0.186132 0.732807 0.027794 0.038495
1 0.306596 0.760543 0.069124 0.037738
1 0.261737 0.760381 0.036434 0.014490
1 0.208381 0.786062 0.058756 0.049200
1 0.181020 0.805039 0.039459 0.045199
1 0.292123 0.792712 0.033266 0.014057
1 0.290467 0.816717 0.059332 0.040874
1 0.219614 0.832288 0.060772 0.041306
1 0.264257 0.838668 0.046659 0.036765
1 0.370536 0.832991 0.043203 0.050281
1 0.337270 0.837100 0.033698 0.035359
1 0.357071 0.785359 0.072437 0.039360
1 0.343750 0.882840 0.067396 0.058067
1 0.217310 0.880893 0.065668 0.056553
1 0.287730 0.943880 0.049827 0.046929
1 0.412946 0.930850 0.045651 0.037089
1 0.427347 0.904466 0.041619 0.019572
1 0.468246 0.908899 0.047379 0.057418
1 0.487831 0.926579 0.030098 0.022924
1 0.483223 0.947340 0.025778 0.025519
1 0.531250 0.944258 0.053571 0.055255
1 0.522897 0.870026 0.036866 0.027898
1 0.526714 0.832991 0.072149 0.048551
1 0.496544 0.785305 0.069412 0.035359
1 0.442972 0.724535 0.044931 0.036440
1 0.377952 0.717777 0.065524 0.037630
1 0.371688 0.745999 0.049539 0.026600
1 0.363695 0.666198 0.078773 0.042820
1 0.385729 0.619431 0.036722 0.041414
1 0.339286 0.619918 0.038018 0.041306
1 0.249640 0.562446 0.056596 0.033629
1 0.289747 0.554012 0.056164 0.053309
1 0.317612 0.522924 0.073877 0.027249
1 0.240927 0.514868 0.022753 0.029520
1 0.264617 0.450638 0.058036 0.042063
1 0.255256 0.468750 0.048243 0.038495
1 0.208885 0.434364 0.062644 0.038062
1 0.282690 0.405385 0.065668 0.047794
1 0.300331 0.386408 0.028370 0.023032
1 0.259577 0.357537 0.056596 0.037305
1 0.273041 0.328936 0.058468 0.040441
1 0.264329 0.290982 0.047091 0.043469
1 0.255904 0.261624 0.070853 0.031034
1 0.357575 0.233726 0.066532 0.053309
1 0.396817 0.218696 0.036146 0.022167
1 0.423027 0.208478 0.049395 0.027465
1 0.368880 0.156683 0.047379 0.040657
1 0.404882 0.163603 0.053715 0.056012
1 0.487111 0.127379 0.053427 0.062500
1 0.553787 0.095210 0.058612 0.038387
1 0.519585 0.090993 0.040899 0.048335
1 0.638393 0.083207 0.063652 0.042928
1 0.596702 0.130623 0.058036 0.040441
1 0.560484 0.142247 0.054147 0.040117
1 0.513465 0.191663 0.042771 0.044658
1 0.486031 0.220426 0.068548 0.045307
1 0.433612 0.257407 0.058468 0.051146
1 0.494888 0.269734 0.060916 0.050065
1 0.405890 0.309635 0.075605 0.055904
1 0.354263 0.303363 0.030818 0.038819
1 0.327693 0.305742 0.047667 0.020869
1 0.367656 0.382407 0.066244 0.060229
1 0.332589 0.435932 0.051699 0.027357
1 0.345406 0.448151 0.050259 0.032764
1 0.298315 0.438906 0.018577 0.022491
1 0.315884 0.459667 0.029810 0.020545
1 0.407834 0.504650 0.064804 0.052984
1 0.376944 0.551795 0.038738 0.023789
1 0.330357 0.586776 0.022753 0.018707
1 0.365351 0.586235 0.057316 0.025627
1 0.407546 0.555796 0.021025 0.021410
1 0.417771 0.578828 0.034274 0.013192
1 0.423675 0.624243 0.030242 0.015787
1 0.443548 0.495134 0.018433 0.024005
1 0.423387 0.432580 0.064516 0.045091
1 0.398762 0.436743 0.032546 0.023573
1 0.408050 0.353536 0.022609 0.033629
1 0.440164 0.347048 0.043347 0.037738
1 0.385009 0.694961 0.051987 0.022491
1 0.457301 0.691663 0.025202 0.029736
1 0.407834 0.681499 0.040899 0.029952
1 0.426195 0.688473 0.032690 0.032439
1 0.419715 0.646464 0.033266 0.030601
1 0.465438 0.656196 0.069124 0.044442
1 0.479983 0.618458 0.061060 0.040117
1 0.450245 0.589425 0.043347 0.022275
1 0.488911 0.508867 0.057028 0.032656
1 0.475806 0.451990 0.042339 0.025519
1 0.505184 0.385759 0.028802 0.028006
1 0.672235 0.605915 0.040611 0.052444
1 0.586910 0.603482 0.066388 0.038495
1 0.519297 0.652736 0.044643 0.024113
1 0.505472 0.683337 0.042051 0.041847
1 0.540467 0.715128 0.027938 0.022167
1 0.558900 0.793631 0.046659 0.033196
1 0.623848 0.781953 0.050691 0.052444
1 0.588782 0.767085 0.024338 0.043036
1 0.595982 0.729293 0.052851 0.052444
1 0.650562 0.734267 0.064948 0.046821
1 0.582013 0.692258 0.062356 0.053633
1 0.661506 0.689933 0.046227 0.040982
1 0.649554 0.665279 0.031538 0.013300
1 0.717166 0.613322 0.043779 0.044550
1 0.676339 0.564338 0.045075 0.035467
1 0.564228 0.583153 0.064228 0.034818
1 0.599294 0.890679 0.052851 0.049092
1 0.550331 0.865106 0.057748 0.032115
1 0.586766 0.853428 0.054003 0.023248
1 0.600518 0.834667 0.052131 0.041306
1 0.663450 0.812554 0.053283 0.044226
1 0.627304 0.818285 0.031970 0.027357
1 0.671299 0.867485 0.034130 0.029520
1 0.727823 0.874135 0.069988 0.040225
1 0.819412 0.864079 0.071141 0.047145
1 0.834749 0.889003 0.053427 0.043361
1 0.920507 0.849427 0.044355 0.048551
1 0.942324 0.822935 0.042483 0.032115
1 0.890409 0.848508 0.042339 0.035251
1 0.832301 0.813149 0.072725 0.063581
1 0.875072 0.760705 0.049395 0.031142
1 0.906970 0.769518 0.051843 0.033629
1 0.772537 0.746540 0.045939 0.040009
1 0.756984 0.762976 0.037298 0.021626
1 0.743520 0.775357 0.044355 0.024113
1 0.677635 0.644626 0.035570 0.011354
1 0.741863 0.662792 0.039026 0.035359
1 0.764761 0.686689 0.024914 0.032764
1 0.760873 0.709721 0.056020 0.021302
1 0.825749 0.706423 0.041187 0.035251
1 0.819628 0.675119 0.034418 0.041198
1 0.859663 0.674362 0.040179 0.051579
1 0.858727 0.700422 0.033122 0.025411
1 0.853615 0.615863 0.051699 0.027141
1 0.790107 0.627325 0.051699 0.051579
1 0.794571 0.581369 0.043635 0.048551
1 0.768937 0.608186 0.021745 0.011570
1 0.750360 0.567042 0.022609 0.016003
1 0.739487 0.524708 0.050115 0.028871
1 0.865063 0.532602 0.037442 0.034494
1 0.808396 0.476103 0.053139 0.045199
1 0.795939 0.424308 0.041187 0.019680
1 0.756480 0.393112 0.061924 0.040117
1 0.817756 0.411062 0.046227 0.026276
1 0.860887 0.392301 0.072869 0.036765
1 0.892713 0.407818 0.036290 0.027141
1 0.902794 0.383110 0.048963 0.028763
1 0.862183 0.363322 0.036002 0.030277
1 0.866503 0.317907 0.050115 0.028979
1 0.802059 0.334613 0.021169 0.020653
1 0.695493 0.344561 0.046227 0.032980
1 0.691244 0.372513 0.041763 0.024654
1 0.652002 0.332937 0.036722 0.038495
1 0.604983 0.354401 0.072005 0.032115
1 0.523834 0.355915 0.054868 0.044226
1 0.584389 0.323097 0.067972 0.050822
1 0.532186 0.302660 0.067828 0.043685
1 0.615783 0.273951 0.052131 0.053525
1 0.572869 0.264111 0.044355 0.032548
1 0.558108 0.219669 0.034994 0.015895
1 0.600446 0.198800 0.032114 0.051579
1 0.591734 0.485024 0.053571 0.046605
1 0.532474 0.458640 0.073013 0.044226
1 0.541835 0.509083 0.032114 0.014057
1 0.509289 0.555039 0.059188 0.042820
1 0.499496 0.585965 0.024626 0.015138
1 0.594182 0.557418 0.061636 0.033088
1 0.648474 0.540225 0.056164 0.043469
1 0.691172 0.534332 0.052563 0.033413
1 0.630544 0.467182 0.028658 0.035143
1 0.673027 0.419172 0.045651 0.040549
1 0.593750 0.424308 0.053859 0.048443
1 0.679291 0.289144 0.076325 0.050173
1 0.762169 0.245783 0.036146 0.033521
1 0.697005 0.240863 0.045507 0.037089
1 0.661722 0.210965 0.064516 0.034386
1 0.673819 0.188257 0.030818 0.028763
1 0.720982 0.152303 0.047955 0.035359
1 0.752088 0.064879 0.069844 0.051038
1 0.785498 0.133975 0.041907 0.041955
1 0.805300 0.100292 0.060196 0.051795
1 0.814444 0.143166 0.066388 0.040009
1 0.853975 0.116512 0.051843 0.056337
1 0.901426 0.090993 0.057172 0.042712
1 0.917627 0.130623 0.088422 0.063581
1 0.947869 0.170091 0.068836 0.044550
1 0.883137 0.174362 0.064372 0.046172
1 0.775274 0.187662 0.059188 0.045523
1 0.828053 0.189122 0.061060 0.056012
1 0.894585 0.206153 0.053571 0.035359
1 0.889545 0.238322 0.042051 0.060337
1 0.938868 0.261462 0.054291 0.050173
1 0.902218 0.290009 0.044931 0.047145
1 0.814660 0.278763 0.063652 0.036116
1 0.766345 0.278547 0.039891 0.044118
1 0.938364 0.392247 0.063076 0.043577
1 0.954925 0.425227 0.065668 0.024113
1 0.888249 0.435986 0.038594 0.033304
1 0.961622 0.462695 0.063796 0.037413
1 0.938652 0.503352 0.058756 0.048659
1 0.888177 0.499946 0.030962 0.030385
1 0.853543 0.569529 0.063652 0.043685
1 0.921515 0.583045 0.050115 0.042604
1 0.965366 0.614187 0.058324 0.033737
1 0.920795 0.631488 0.034850 0.028763
1 0.969326 0.650573 0.032546 0.031034
1 0.794859 0.670199 0.033266 0.024654
1 0.950245 0.699827 0.050547 0.046064
1 0.753456 0.842669 0.069412 0.022491
1 0.282474 0.605266 0.031538 0.032115
1 0.260441 0.873054 0.037298 0.034602
0 0.754968 0.820718 0.052563 0.023140
0 0.781178 0.786008 0.042195 0.042604
0 0.885513 0.804877 0.055012 0.041198
0 0.550691 0.898735 0.050979 0.040982
0 0.474366 0.852779 0.029090 0.038819
0 0.365711 0.920794 0.059188 0.041631
0 0.325605 0.934364 0.033986 0.037846
0 0.265697 0.905439 0.072005 0.031034
0 0.295075 0.867539 0.035714 0.049308
0 0.249856 0.789144 0.061636 0.047145
0 0.204781 0.808391 0.037154 0.019031
0 0.177203 0.752920 0.048531 0.038279
0 0.226671 0.754271 0.024770 0.023465
0 0.250648 0.745729 0.033842 0.020653
0 0.282762 0.732537 0.044211 0.022816
0 0.269153 0.721940 0.057028 0.031250
0 0.199165 0.694853 0.056740 0.035467
0 0.303859 0.628731 0.057604 0.023465
0 0.228831 0.654682 0.061636 0.039684
0 0.209605 0.607537 0.051987 0.044226
0 0.330573 0.486916 0.059764 0.051254
0 0.194988 0.495513 0.039459 0.047686
0 0.213566 0.467993 0.064804 0.030277
0 0.160642 0.462154 0.027218 0.019896
0 0.376944 0.423497 0.040467 0.027141
0 0.333237 0.336830 0.035714 0.045848
0 0.361175 0.334397 0.031394 0.050281
0 0.304363 0.298227 0.037298 0.022059
0 0.441964 0.370134 0.031970 0.031574
0 0.427563 0.392085 0.045795 0.046280
0 0.453629 0.411170 0.029666 0.024762
0 0.474942 0.406142 0.027938 0.020545
0 0.481927 0.423389 0.030674 0.019139
0 0.484015 0.476914 0.041763 0.028871
0 0.653874 0.389598 0.072725 0.043685
0 0.608439 0.391436 0.031970 0.036116
0 0.563220 0.387435 0.036002 0.043901
0 0.518865 0.417658 0.021601 0.017193
0 0.547235 0.428525 0.042339 0.028979
0 0.538522 0.411278 0.028370 0.016977
0 0.641633 0.508921 0.050835 0.019572
0 0.707229 0.565798 0.033410 0.040333
0 0.746616 0.592290 0.044787 0.038603
0 0.654954 0.577368 0.055876 0.040117
0 0.640553 0.633759 0.060484 0.030709
0 0.630400 0.605915 0.024914 0.029087
0 0.563868 0.634083 0.049107 0.039360
0 0.524194 0.602725 0.028802 0.028763
0 0.450245 0.553093 0.063508 0.059040
0 0.522969 0.554985 0.055732 0.032115
0 0.506552 0.715452 0.041043 0.034710
0 0.517209 0.741404 0.052851 0.037305
0 0.443332 0.821205 0.027218 0.023465
0 0.425835 0.778655 0.067396 0.026384
0 0.656394 0.850022 0.053859 0.048659
0 0.694628 0.777952 0.051987 0.041847
0 0.561996 0.835586 0.022897 0.029736
0 0.401210 0.745513 0.047523 0.036657
0 0.373560 0.648789 0.028514 0.021410
0 0.412514 0.598508 0.036434 0.035467
0 0.532546 0.526168 0.039747 0.020329
0 0.553067 0.516977 0.028658 0.019031
0 0.589502 0.528871 0.029234 0.018815
0 0.368664 0.537630 0.021313 0.019464
0 0.383353 0.585640 0.028802 0.017517
0 0.316244 0.242485 0.032258 0.033845
0 0.348286 0.190798 0.049395 0.040982
0 0.443116 0.169280 0.031970 0.047686
0 0.363335 0.110132 0.054435 0.037089
0 0.585109 0.088992 0.050979 0.050389
0 0.533338 0.166631 0.055732 0.027033
0 0.564156 0.195015 0.053427 0.042279
0 0.670291 0.261462 0.041043 0.021410
0 0.531034 0.247513 0.045939 0.030277
0 0.319196 0.279250 0.040179 0.023248
0 0.734951 0.305850 0.028658 0.024762
0 0.706941 0.307364 0.035426 0.023032
0 0.746400 0.347210 0.057892 0.051903
0 0.670579 0.326179 0.056596 0.026276
0 0.704349 0.395437 0.028802 0.027033
0 0.748200 0.420253 0.066100 0.023032
0 0.774554 0.449665 0.051699 0.041198
0 0.723070 0.454963 0.025058 0.017409
0 0.695637 0.489890 0.041043 0.041631
0 0.595982 0.454531 0.033266 0.020653
0 0.795795 0.523465 0.050403 0.049092
0 0.733655 0.546118 0.031250 0.028439
0 0.731495 0.503244 0.041331 0.017301
0 0.629320 0.668199 0.029666 0.043144
0 0.739343 0.736051 0.033122 0.034602
0 0.599870 0.808013 0.036146 0.028222
0 0.912802 0.729077 0.058900 0.042279
0 0.867800 0.720102 0.037154 0.036224
0 0.909778 0.681931 0.065524 0.052444
0 0.919499 0.651114 0.055300 0.031250
0 0.823373 0.600238 0.027794 0.045199
0 0.759289 0.648032 0.056308 0.040441
0 0.689516 0.727941 0.022465 0.015571
0 0.813724 0.751406 0.056020 0.029196
0 0.806812 0.728536 0.051123 0.020653
0 0.704421 0.667712 0.050547 0.048443
0 0.688004 0.522059 0.028658 0.013408
0 0.829997 0.441339 0.029810 0.023897
0 0.893505 0.471183 0.034706 0.046172
0 0.941604 0.465236 0.056884 0.022816
0 0.918851 0.447070 0.034706 0.020004
0 0.854551 0.414576 0.031970 0.025952
0 0.833525 0.358618 0.028226 0.027790
0 0.796011 0.370945 0.028658 0.038387
0 0.783194 0.311689 0.037586 0.044442
0 0.821789 0.319042 0.053427 0.042712
0 0.848934 0.289468 0.038306 0.022924
0 0.886305 0.282872 0.035282 0.040225
0 0.845910 0.220318 0.047811 0.043577
0 0.732071 0.216912 0.048243 0.035251
0 0.760153 0.214803 0.029234 0.019788
0 0.689084 0.231780 0.050403 0.032764
0 0.636953 0.191717 0.046371 0.037197
0 0.674683 0.157980 0.064228 0.048227
0 0.717886 0.107375 0.050979 0.048659
0 0.672307 0.054985 0.040755 0.041198
0 0.690020 0.083856 0.045939 0.047037
0 0.661074 0.118026 0.064372 0.045307
0 0.548819 0.055742 0.031106 0.040117
0 0.746040 0.140517 0.036722 0.041847
0 0.594110 0.160143 0.027506 0.019464
0 0.619096 0.119431 0.027650 0.035575
0 0.307460 0.581261 0.030242 0.019572
0 0.834677 0.510759 0.032546 0.041414
0 0.908626 0.530547 0.060052 0.045307
0 0.774050 0.493404 0.061060 0.035251
0 0.657474 0.357537 0.032690 0.020221
