0 0.087587 0.148185 0.023789 0.027074
1 0.134732 0.123776 0.020329 0.025490
0 0.144464 0.141921 0.025952 0.020017
1 0.183391 0.165251 0.046064 0.057460
1 0.165009 0.191964 0.029844 0.043203
1 0.085532 0.192828 0.047578 0.040323
1 0.118945 0.194268 0.024221 0.035138
1 0.138138 0.203269 0.034278 0.046227
1 0.247189 0.114343 0.013408 0.010081
1 0.249027 0.175115 0.036765 0.063364
1 0.274005 0.153298 0.024870 0.041043
1 0.306715 0.103471 0.023897 0.034994
1 0.303741 0.151714 0.041090 0.053715
1 0.325260 0.110095 0.031358 0.041043
1 0.375000 0.085397 0.008867 0.024770
1 0.357375 0.115207 0.021626 0.025634
1 0.324286 0.134289 0.029196 0.014257
0 0.346183 0.141633 0.040333 0.049971
1 0.388354 0.134505 0.044875 0.066532
0 0.429444 0.141057 0.016328 0.021457
1 0.448638 0.126152 0.026168 0.033986
1 0.479563 0.149698 0.035900 0.065524
1 0.506218 0.138681 0.033196 0.036866
1 0.527141 0.147969 0.009948 0.019153
1 0.495945 0.186924 0.022816 0.035426
1 0.521897 0.176843 0.039252 0.037730
1 0.549524 0.156538 0.027033 0.065380
1 0.582126 0.126296 0.051795 0.058468
1 0.575422 0.192324 0.028871 0.037010
1 0.631326 0.172019 0.020869 0.035282
1 0.638679 0.183756 0.071042 0.100518
1 0.658683 0.121832 0.012435 0.022465
1 0.682310 0.111679 0.024221 0.045075
0 0.702855 0.111319 0.023789 0.019585
1 0.714587 0.114271 0.017409 0.028082
0 0.748054 0.121832 0.021626 0.025058
1 0.733726 0.143145 0.016977 0.013537
1 0.810446 0.147465 0.061635 0.079205
0 0.087857 0.229479 0.038819 0.047955
1 0.120567 0.237975 0.037846 0.035570
1 0.168739 0.251224 0.043577 0.056308
1 0.072827 0.277506 0.070610 0.072005
1 0.128244 0.271817 0.039576 0.058036
0 0.187933 0.278226 0.020545 0.033122
1 0.209018 0.273618 0.031791 0.045219
1 0.259948 0.273257 0.044334 0.048531
0 0.288765 0.190236 0.024113 0.036002
1 0.301687 0.214574 0.041090 0.033698
1 0.305093 0.235887 0.031250 0.043779
1 0.300930 0.259721 0.044118 0.021169
1 0.270329 0.197581 0.020978 0.044643
0 0.261462 0.231063 0.040874 0.038738
1 0.350130 0.232287 0.040874 0.056740
1 0.389003 0.250720 0.016328 0.019585
1 0.398032 0.193548 0.051687 0.058180
1 0.442042 0.208453 0.029196 0.060916
1 0.413549 0.233079 0.038603 0.045651
0 0.519572 0.212414 0.023356 0.041763
0 0.546334 0.230415 0.039684 0.048963
1 0.556499 0.197005 0.027357 0.024482
0 0.478914 0.231567 0.017950 0.015841
0 0.607753 0.209389 0.032115 0.029378
0 0.589479 0.228975 0.027790 0.035426
0 0.675984 0.204565 0.040117 0.045651
1 0.750703 0.166331 0.030385 0.039747
0 0.782980 0.172019 0.035683 0.032114
1 0.810932 0.193332 0.026492 0.036434
1 0.732699 0.191388 0.013841 0.008641
1 0.049632 0.337702 0.046064 0.076325
0 0.085370 0.333453 0.032331 0.032690
0 0.212262 0.316172 0.020761 0.032690
0 0.159332 0.329493 0.031683 0.034850
1 0.138300 0.355271 0.034602 0.057604
1 0.169334 0.367224 0.020329 0.028802
1 0.227130 0.340798 0.016977 0.021169
1 0.252541 0.337414 0.035359 0.063364
0 0.201287 0.363263 0.030601 0.045075
1 0.128893 0.380328 0.027033 0.044643
1 0.273140 0.373848 0.036765 0.039459
1 0.287143 0.399194 0.018707 0.021601
1 0.267031 0.420723 0.038387 0.060916
1 0.058175 0.390913 0.017517 0.032114
1 0.090074 0.372048 0.051903 0.064372
1 0.050930 0.410282 0.019031 0.015265
0 0.220967 0.387601 0.035359 0.034994
0 0.168469 0.395161 0.034818 0.032258
1 0.075314 0.415251 0.038170 0.035570
1 0.018274 0.477679 0.023789 0.023041
1 0.039522 0.449309 0.042496 0.050979
1 0.047416 0.489055 0.042928 0.031682
1 0.220048 0.414243 0.036332 0.029810
1 0.099751 0.407042 0.016544 0.022897
1 0.125433 0.418347 0.048227 0.043779
1 0.158737 0.421659 0.024005 0.054147
1 0.212208 0.448877 0.036008 0.063364
1 0.077855 0.443620 0.043901 0.065812
0 0.119107 0.445709 0.037089 0.030242
0 0.149384 0.453845 0.021951 0.032978
1 0.087154 0.500360 0.050389 0.064660
0 0.121161 0.474654 0.028439 0.031682
0 0.132245 0.498200 0.039576 0.037298
1 0.192366 0.467094 0.017301 0.032690
1 0.177606 0.498200 0.040333 0.050835
1 0.226860 0.491215 0.028547 0.027362
1 0.241241 0.476671 0.061635 0.060484
1 0.015571 0.545291 0.030926 0.068980
1 0.050930 0.561852 0.042820 0.064660
1 0.152952 0.903442 0.016328 0.026930
1 0.059959 0.837630 0.057850 0.073013
1 0.041036 0.799107 0.026492 0.032546
0 0.022005 0.744240 0.028871 0.041763
0 0.042063 0.675979 0.054066 0.036866
1 0.082126 0.771025 0.051146 0.064804
1 0.062446 0.707661 0.065852 0.069700
0 0.100616 0.723718 0.041414 0.035570
1 0.089533 0.693260 0.034386 0.036002
0 0.079909 0.575821 0.020978 0.013969
0 0.054931 0.592310 0.022708 0.019009
1 0.074935 0.615207 0.050389 0.069124
1 0.084775 0.663738 0.039360 0.032546
1 0.167604 0.843606 0.015787 0.025634
1 0.198800 0.821789 0.050065 0.044211
0 0.153655 0.806740 0.047794 0.059044
1 0.210154 0.782330 0.048984 0.057748
0 0.259029 0.761809 0.029520 0.043203
1 0.279790 0.790899 0.039252 0.047523
0 0.114944 0.822797 0.034602 0.032690
1 0.113646 0.807244 0.045415 0.018001
1 0.115106 0.785282 0.029736 0.035714
0 0.125973 0.757344 0.038062 0.051843
1 0.131812 0.705429 0.058391 0.055156
1 0.192312 0.745464 0.031034 0.048531
1 0.153871 0.748344 0.048875 0.056308
1 0.112889 0.558036 0.052984 0.052419
1 0.162738 0.534634 0.060986 0.053715
1 0.146140 0.563004 0.050065 0.069844
1 0.124459 0.595190 0.046497 0.039459
1 0.116458 0.606999 0.036765 0.032258
0 0.162684 0.570997 0.024113 0.029378
0 0.153114 0.607719 0.030277 0.046083
0 0.178363 0.601959 0.026492 0.045219
0 0.119107 0.645521 0.047902 0.052851
1 0.175876 0.657834 0.059148 0.068548
1 0.181174 0.702693 0.037522 0.054868
0 0.240809 0.522177 0.019464 0.040323
1 0.226265 0.521169 0.015030 0.023906
0 0.231888 0.543851 0.037089 0.044211
0 0.216047 0.581869 0.044334 0.051411
1 0.204963 0.625792 0.037522 0.047955
1 0.245188 0.592310 0.012651 0.027074
0 0.220642 0.689156 0.013300 0.018289
0 0.208802 0.715654 0.025519 0.039603
0 0.229509 0.714430 0.015030 0.027650
0 0.248162 0.621400 0.042171 0.026498
0 0.239295 0.659706 0.041090 0.061924
1 0.245891 0.719542 0.032007 0.043347
0 0.223616 0.743520 0.039360 0.031682
1 0.325584 0.198373 0.003460 0.005040
1 0.463722 0.222566 0.004650 0.005328
1 0.500054 0.234879 0.004866 0.006048
1 0.495513 0.259721 0.009191 0.011953
1 0.297362 0.297091 0.034602 0.052707
1 0.323367 0.308612 0.040766 0.046083
1 0.352509 0.277650 0.046929 0.056164
0 0.302228 0.338206 0.043685 0.042771
0 0.310662 0.374136 0.021626 0.028514
0 0.343750 0.357791 0.039576 0.057172
1 0.378244 0.329205 0.042820 0.056740
0 0.413116 0.271313 0.030601 0.049539
1 0.405872 0.317900 0.020221 0.060916
1 0.408413 0.361175 0.045415 0.025634
0 0.427282 0.328917 0.010489 0.014977
1 0.426092 0.342382 0.006812 0.017137
1 0.438527 0.263897 0.018707 0.037298
1 0.443393 0.287370 0.029952 0.055732
1 0.471832 0.265121 0.018058 0.022465
1 0.494323 0.275994 0.022816 0.029810
1 0.469453 0.278154 0.007245 0.010513
1 0.438960 0.348142 0.003568 0.008209
1 0.484267 0.315740 0.047902 0.047091
1 0.544226 0.282402 0.043253 0.040035
0 0.470426 0.363191 0.030601 0.037442
1 0.495729 0.340366 0.047902 0.046227
1 0.522816 0.325461 0.011894 0.032258
0 0.556120 0.316676 0.018599 0.019009
1 0.537305 0.362471 0.056661 0.080069
0 0.578071 0.334173 0.016436 0.029234
1 0.532007 0.298675 0.017301 0.017857
1 0.562122 0.285930 0.019788 0.047955
1 0.589587 0.278514 0.035359 0.048675
1 0.612835 0.259001 0.027790 0.043635
1 0.632948 0.274338 0.046172 0.062788
1 0.669442 0.276066 0.004758 0.008641
1 0.681715 0.289675 0.033629 0.046515
1 0.696637 0.225734 0.035359 0.058036
1 0.708586 0.269873 0.032439 0.038882
0 0.577801 0.365639 0.028871 0.046083
0 0.603806 0.380760 0.023356 0.050403
1 0.621810 0.387889 0.015463 0.019153
1 0.651546 0.362759 0.055471 0.057604
0 0.689717 0.376728 0.034278 0.034562
1 0.718642 0.220262 0.015787 0.022897
1 0.716263 0.235743 0.009732 0.012961
1 0.736970 0.228039 0.025195 0.064372
0 0.765517 0.205141 0.031034 0.036722
1 0.750162 0.237975 0.014814 0.045075
0 0.770545 0.242007 0.030277 0.040755
0 0.756380 0.269657 0.013408 0.029810
0 0.791090 0.207805 0.013192 0.019009
1 0.814771 0.231639 0.050822 0.049395
1 0.846075 0.239919 0.035575 0.057604
0 0.790928 0.272249 0.040117 0.034994
1 0.876568 0.281466 0.013084 0.020593
1 0.911116 0.264545 0.041955 0.060484
1 0.823908 0.276282 0.032331 0.040755
0 0.847805 0.288810 0.032115 0.035570
1 0.729401 0.284346 0.028871 0.023762
1 0.727887 0.337126 0.030817 0.046371
1 0.708045 0.300403 0.021410 0.028802
1 0.727022 0.308324 0.022383 0.028514
1 0.758705 0.321141 0.040333 0.044067
0 0.915874 0.779810 0.021626 0.046659
1 0.893220 0.751080 0.043577 0.047091
1 0.870026 0.793419 0.033088 0.054868
1 0.855212 0.827981 0.022275 0.025202
1 0.838992 0.793707 0.038927 0.052275
1 0.836451 0.847854 0.035359 0.039891
0 0.797145 0.853471 0.038927 0.058612
0 0.811797 0.807172 0.011786 0.022465
1 0.791793 0.809260 0.036873 0.039603
0 0.738376 0.838854 0.045091 0.040899
1 0.748108 0.814732 0.063041 0.062932
0 0.672848 0.865135 0.026708 0.055156
0 0.686148 0.825173 0.040333 0.064228
1 0.638841 0.818260 0.050822 0.054724
1 0.624784 0.846342 0.042171 0.059044
0 0.628082 0.869600 0.021951 0.025490
0 0.598508 0.837198 0.035683 0.047091
0 0.611213 0.809332 0.016544 0.025922
1 0.582342 0.794643 0.046821 0.040035
1 0.552660 0.822725 0.037846 0.069124
0 0.558553 0.763033 0.046172 0.029234
0 0.544983 0.783842 0.014490 0.021889
1 0.534818 0.766777 0.015138 0.058324
1 0.508164 0.828917 0.051146 0.055876
0 0.518869 0.787586 0.026276 0.060484
0 0.458748 0.828701 0.021518 0.051123
0 0.426254 0.813292 0.043253 0.031250
0 0.432039 0.846918 0.020869 0.041763
0 0.437176 0.872696 0.012976 0.032546
1 0.409007 0.841662 0.016544 0.041907
1 0.312284 0.831509 0.037846 0.071429
1 0.369053 0.825677 0.034602 0.042195
1 0.339803 0.821069 0.031683 0.058036
0 0.339479 0.810916 0.026060 0.072581
1 0.955666 0.618736 0.041306 0.055732
1 0.941447 0.701253 0.056120 0.068980
1 0.860294 0.691316 0.038062 0.066676
1 0.916306 0.655890 0.036332 0.052275
1 0.894139 0.684764 0.036765 0.027362
1 0.888192 0.708597 0.024870 0.034130
1 0.859429 0.591446 0.045848 0.043203
1 0.894410 0.610455 0.058715 0.046947
1 0.873000 0.567252 0.042496 0.040323
1 0.917820 0.566028 0.045848 0.063796
1 0.909494 0.309116 0.021410 0.015409
1 0.858834 0.323085 0.048984 0.047955
1 0.901546 0.329853 0.043577 0.028370
1 0.909494 0.352823 0.037846 0.053859
1 0.943501 0.418131 0.011570 0.019153
1 0.905385 0.510297 0.028763 0.058612
1 0.904790 0.523113 0.065203 0.078773
1 0.879055 0.373632 0.031899 0.052275
1 0.939068 0.512889 0.028655 0.053139
1 0.924578 0.420219 0.032115 0.064804
1 0.898789 0.416619 0.102725 0.135369
1 0.813419 0.298171 0.035359 0.049395
0 0.785143 0.349942 0.036981 0.023329
1 0.812608 0.341590 0.042388 0.048963
0 0.805850 0.351599 0.016328 0.021169
0 0.800930 0.381984 0.043685 0.037874
1 0.841966 0.365135 0.019572 0.030674
0 0.837965 0.399842 0.026060 0.050835
0 0.819042 0.412226 0.027790 0.055732
1 0.845642 0.459245 0.037089 0.053859
1 0.831477 0.488263 0.019572 0.016849
0 0.835316 0.501080 0.019031 0.012529
1 0.844183 0.521673 0.025952 0.024914
0 0.770437 0.417483 0.033953 0.048675
0 0.818718 0.451973 0.024113 0.029810
1 0.805742 0.441604 0.010056 0.012241
1 0.806823 0.460541 0.010921 0.011233
0 0.812554 0.477751 0.018274 0.015121
1 0.765517 0.431884 0.035575 0.026210
1 0.778979 0.451757 0.044334 0.041187
1 0.781953 0.484447 0.049632 0.058468
1 0.787468 0.523474 0.028655 0.052707
1 0.810446 0.528370 0.032439 0.039747
0 0.834018 0.549611 0.020329 0.032978
0 0.844345 0.534202 0.017625 0.025202
0 0.789522 0.589934 0.015679 0.020593
1 0.790387 0.619024 0.054606 0.050835
1 0.797470 0.765913 0.045415 0.055156
1 0.836019 0.758929 0.031034 0.025346
1 0.808553 0.738623 0.023032 0.036866
1 0.835316 0.722422 0.044983 0.056884
0 0.808283 0.688796 0.030277 0.033410
1 0.804012 0.716086 0.024330 0.029522
0 0.812338 0.661866 0.014598 0.018721
0 0.853860 0.631768 0.032548 0.034562
1 0.853049 0.646961 0.040657 0.031250
0 0.850887 0.652362 0.019680 0.019585
0 0.828017 0.641993 0.019572 0.025058
1 0.829423 0.666979 0.015679 0.019153
1 0.820664 0.653730 0.018274 0.021457
1 0.369215 0.405530 0.039468 0.055876
0 0.322935 0.419931 0.025195 0.035426
1 0.297632 0.441460 0.045307 0.038450
1 0.342020 0.457085 0.046064 0.040899
1 0.299903 0.478111 0.044658 0.058468
0 0.336451 0.494672 0.035575 0.052419
0 0.265679 0.512961 0.035683 0.044643
1 0.310067 0.540971 0.030601 0.044211
1 0.283899 0.533482 0.025195 0.026642
0 0.272383 0.548387 0.051254 0.040035
1 0.295469 0.567684 0.020869 0.017281
1 0.345156 0.428499 0.029196 0.039315
0 0.343912 0.578845 0.026276 0.050835
1 0.366566 0.551627 0.015138 0.017713
0 0.284224 0.583597 0.019788 0.024914
0 0.305688 0.586262 0.051254 0.040035
1 0.275627 0.626656 0.029628 0.067540
0 0.302336 0.612399 0.030061 0.031250
0 0.329423 0.602679 0.025627 0.027362
1 0.334397 0.626512 0.015679 0.029810
0 0.292009 0.643577 0.039252 0.041763
1 0.276222 0.683036 0.035359 0.047523
1 0.283899 0.724798 0.047902 0.060196
1 0.296767 0.754608 0.018058 0.037154
1 0.301038 0.764113 0.031358 0.041475
0 0.333315 0.768433 0.016977 0.023618
1 0.329152 0.768217 0.024438 0.037298
1 0.310662 0.713926 0.042171 0.043923
1 0.310121 0.682244 0.039144 0.049683
0 0.315474 0.658338 0.012435 0.028082
0 0.325530 0.641057 0.015463 0.022897
0 0.334018 0.661362 0.035683 0.048531
1 0.353482 0.720406 0.054282 0.059476
1 0.445340 0.380256 0.028439 0.037010
0 0.430958 0.390409 0.024546 0.051267
1 0.449016 0.425691 0.035359 0.054724
0 0.466155 0.384937 0.019031 0.025922
0 0.476806 0.402506 0.019572 0.033986
1 0.403222 0.418563 0.016652 0.024914
1 0.417388 0.420939 0.012976 0.027938
0 0.397870 0.443908 0.043361 0.029810
1 0.499459 0.403874 0.030926 0.053139
0 0.580450 0.411722 0.027033 0.045219
1 0.554282 0.433252 0.038062 0.052275
1 0.480050 0.431092 0.008759 0.039315
1 0.502271 0.430084 0.046497 0.033554
1 0.601752 0.409058 0.017734 0.028370
1 0.600400 0.440308 0.026060 0.060052
1 0.640571 0.420003 0.043685 0.057748
1 0.657602 0.395881 0.019788 0.022177
1 0.750433 0.379104 0.039576 0.058612
1 0.716912 0.397537 0.042604 0.054291
1 0.678309 0.426123 0.038062 0.058468
0 0.731834 0.443404 0.042820 0.038306
0 0.737889 0.477391 0.040657 0.038882
0 0.766869 0.588998 0.037846 0.033698
0 0.745567 0.505112 0.019031 0.016849
1 0.774113 0.700389 0.041090 0.067252
1 0.782494 0.666043 0.014381 0.019585
0 0.766436 0.653298 0.029844 0.027794
0 0.738430 0.625936 0.041090 0.051699
1 0.761678 0.518505 0.049308 0.120536
0 0.759894 0.544859 0.043577 0.050835
1 0.702260 0.459245 0.035143 0.052707
1 0.703017 0.493952 0.033629 0.025922
1 0.728698 0.514329 0.028763 0.021457
1 0.716047 0.550979 0.042171 0.063364
1 0.734051 0.585253 0.028439 0.042627
0 0.712316 0.611535 0.016977 0.020017
1 0.656845 0.458741 0.029304 0.029810
1 0.665441 0.495392 0.050822 0.044067
0 0.682742 0.531250 0.067474 0.046947
0 0.678147 0.615711 0.053741 0.055732
0 0.644680 0.565452 0.044334 0.054868
1 0.684959 0.660858 0.052444 0.053859
0 0.721021 0.718966 0.055147 0.103831
1 0.741890 0.768577 0.044334 0.061924
1 0.696799 0.770305 0.043685 0.058468
0 0.683229 0.725446 0.037089 0.037010
0 0.679066 0.745464 0.017950 0.035570
1 0.626568 0.763393 0.063257 0.069412
1 0.650952 0.729911 0.041090 0.060916
1 0.589046 0.766273 0.013300 0.015841
0 0.352671 0.763681 0.014814 0.027074
1 0.385489 0.768361 0.063798 0.073877
1 0.424795 0.758641 0.032764 0.047523
1 0.457180 0.757128 0.036981 0.071573
1 0.507569 0.749712 0.018382 0.039459
0 0.534818 0.692828 0.015138 0.027362
1 0.560500 0.722998 0.048984 0.060916
0 0.573962 0.687572 0.008218 0.016561
0 0.597102 0.713134 0.047578 0.061924
1 0.643869 0.637169 0.025411 0.039891
0 0.628190 0.661074 0.028006 0.051411
1 0.621810 0.608871 0.041414 0.066532
1 0.590560 0.640265 0.052876 0.073157
0 0.587695 0.649050 0.043685 0.046083
1 0.366998 0.652722 0.033521 0.022897
0 0.366404 0.612831 0.036440 0.065236
0 0.393328 0.640913 0.037089 0.062932
0 0.392301 0.685268 0.029844 0.049395
1 0.418577 0.723502 0.025519 0.029378
0 0.416090 0.704277 0.017085 0.017713
1 0.455882 0.674323 0.019464 0.016273
1 0.445934 0.655530 0.069637 0.108007
0 0.422416 0.634865 0.018058 0.028370
0 0.473724 0.700965 0.036332 0.056308
0 0.535954 0.657834 0.026060 0.034850
1 0.507894 0.672451 0.025952 0.055732
1 0.504109 0.641489 0.017301 0.033842
1 0.629001 0.466014 0.021194 0.037730
0 0.619972 0.491791 0.039252 0.057892
0 0.631001 0.530098 0.015463 0.024194
1 0.580612 0.477607 0.043361 0.046515
1 0.596886 0.519513 0.054066 0.049971
1 0.595372 0.563940 0.047794 0.057316
1 0.602022 0.571573 0.040333 0.034850
1 0.368512 0.477175 0.019247 0.037010
0 0.383651 0.499424 0.045415 0.059620
0 0.410467 0.478471 0.020545 0.054003
1 0.415279 0.509793 0.025627 0.024482
1 0.410251 0.556380 0.044550 0.061492
0 0.403655 0.597134 0.041090 0.027218
1 0.431661 0.467814 0.019896 0.032690
1 0.447232 0.465870 0.012543 0.022177
1 0.464046 0.452909 0.024330 0.030818
1 0.445123 0.490351 0.035575 0.041475
0 0.444745 0.532618 0.036332 0.051411
1 0.451341 0.549683 0.035467 0.053859
1 0.432526 0.567396 0.016652 0.031394
1 0.460694 0.595406 0.039684 0.043347
0 0.477779 0.468174 0.028222 0.045795
1 0.506488 0.471774 0.037846 0.064804
1 0.540117 0.478471 0.040009 0.061204
0 0.537954 0.515913 0.022491 0.035858
0 0.561581 0.510225 0.026276 0.047523
1 0.543361 0.546803 0.019464 0.034274
0 0.494864 0.514401 0.042928 0.057028
1 0.560662 0.550835 0.024438 0.039171
1 0.551903 0.566748 0.032439 0.025490
1 0.559256 0.597494 0.043685 0.051843
0 0.542171 0.627664 0.015138 0.025778
1 0.530385 0.612975 0.022924 0.046803
0 0.521194 0.560988 0.030277 0.070997
0 0.483186 0.556524 0.038170 0.032402
1 0.506650 0.559764 0.015895 0.030242
1 0.496324 0.600734 0.050822 0.072725
