0 0.317180 0.142517 0.049971 0.043469
1 0.442180 0.037468 0.039891 0.050497
1 0.498920 0.016490 0.035858 0.029520
1 0.567252 0.042982 0.036578 0.026276
1 0.354047 0.051092 0.037874 0.024546
1 0.403946 0.064122 0.043779 0.033737
1 0.390913 0.085370 0.037874 0.036873
1 0.354983 0.072124 0.042627 0.019464
1 0.276714 0.084072 0.046515 0.047253
1 0.235599 0.095318 0.041475 0.046605
1 0.223574 0.127920 0.049971 0.051903
1 0.531322 0.070015 0.036434 0.017625
1 0.196573 0.179985 0.061060 0.048551
1 0.254248 0.165225 0.056596 0.047145
1 0.241503 0.208964 0.064804 0.039684
0 0.356135 0.082450 0.025922 0.024546
0 0.342670 0.100346 0.022033 0.023573
1 0.335685 0.085424 0.021601 0.012327
1 0.681596 0.025519 0.051843 0.041090
0 0.625648 0.047416 0.037874 0.021302
1 0.733655 0.040225 0.042771 0.041090
1 0.646457 0.044280 0.036578 0.031034
1 0.806956 0.082288 0.042195 0.034386
1 0.803211 0.075314 0.037874 0.054823
0 0.681452 0.053147 0.033122 0.019139
0 0.706221 0.076503 0.042627 0.037089
0 0.750216 0.071151 0.047955 0.040009
0 0.662298 0.066447 0.025058 0.016328
1 0.671443 0.087208 0.054868 0.036873
1 0.639113 0.097102 0.026498 0.028547
1 0.788810 0.121432 0.046515 0.045415
1 0.593030 0.087911 0.042915 0.027249
1 0.607647 0.107699 0.053715 0.031791
1 0.751800 0.125919 0.043635 0.041414
1 0.705141 0.122189 0.037298 0.028763
1 0.703557 0.122351 0.047955 0.045740
1 0.549035 0.096291 0.047955 0.042928
1 0.500792 0.101968 0.062932 0.042604
0 0.507849 0.106672 0.024050 0.023032
1 0.664603 0.138192 0.056164 0.041306
1 0.572221 0.149113 0.059476 0.038927
1 0.605559 0.159278 0.041763 0.045415
1 0.522393 0.134029 0.060916 0.040333
1 0.597062 0.134191 0.037442 0.024870
1 0.491647 0.145545 0.036002 0.028763
1 0.464214 0.160954 0.050835 0.045091
1 0.483079 0.184148 0.050259 0.029628
1 0.510297 0.180796 0.027794 0.042171
1 0.492512 0.206910 0.041187 0.031034
0 0.384289 0.126298 0.049395 0.042171
0 0.419715 0.107104 0.041907 0.034278
0 0.431092 0.135759 0.021169 0.013733
1 0.369384 0.158142 0.016705 0.013733
1 0.403658 0.158629 0.057604 0.034602
1 0.350230 0.175876 0.046083 0.036873
1 0.388249 0.195502 0.038306 0.040874
1 0.301123 0.182634 0.056164 0.041090
0 0.534130 0.159494 0.029666 0.015571
0 0.533626 0.176579 0.035570 0.026600
0 0.553787 0.174254 0.018289 0.022816
1 0.577405 0.190203 0.024050 0.020978
0 0.646673 0.166090 0.043635 0.023789
0 0.691604 0.156304 0.033554 0.018707
0 0.728471 0.141112 0.019729 0.020545
1 0.715006 0.157818 0.023906 0.029304
1 0.822149 0.163657 0.026210 0.015895
1 0.776210 0.186743 0.056164 0.059040
0 0.703917 0.177660 0.045219 0.021410
0 0.732287 0.192636 0.043203 0.020004
1 0.679219 0.180363 0.033842 0.015355
1 0.664603 0.191717 0.039459 0.033737
1 0.707085 0.206585 0.055012 0.036008
1 0.728831 0.220588 0.031970 0.032656
0 0.642497 0.203882 0.028946 0.020437
0 0.595190 0.220588 0.027074 0.032223
0 0.640265 0.222643 0.031682 0.016220
0 0.665611 0.221075 0.023618 0.021951
0 0.673171 0.235835 0.026354 0.017517
0 0.597638 0.190636 0.019873 0.012327
0 0.611319 0.200584 0.032258 0.024654
1 0.619096 0.178633 0.025634 0.016652
1 0.631912 0.186311 0.018721 0.017950
1 0.544715 0.216804 0.052563 0.043036
1 0.824741 0.204801 0.036578 0.042604
1 0.515337 0.215939 0.017425 0.015355
0 0.517929 0.237024 0.053715 0.026600
0 0.425763 0.183283 0.038162 0.019896
0 0.425979 0.201503 0.051555 0.022383
1 0.450461 0.209018 0.021025 0.020329
1 0.474366 0.214641 0.030818 0.037630
1 0.436276 0.225130 0.033842 0.032439
0 0.458525 0.227725 0.025058 0.023573
0 0.475302 0.246540 0.024050 0.021194
0 0.489631 0.239403 0.030530 0.022708
0 0.300979 0.195826 0.036002 0.041090
0 0.316532 0.217236 0.022753 0.021626
0 0.223646 0.240701 0.033410 0.027249
1 0.268577 0.246432 0.034562 0.024005
1 0.262241 0.238214 0.036578 0.028763
0 0.293923 0.228536 0.031970 0.025195
1 0.315164 0.240593 0.023185 0.035251
1 0.318692 0.261570 0.052995 0.035467
0 0.299035 0.248270 0.024626 0.019031
1 0.351671 0.219615 0.048387 0.029844
1 0.369384 0.245999 0.057316 0.032439
1 0.388825 0.222318 0.030530 0.030061
1 0.400778 0.254650 0.065956 0.037413
0 0.410714 0.219399 0.026210 0.019680
0 0.409562 0.238322 0.026210 0.022924
0 0.430732 0.234267 0.021025 0.014814
1 0.185340 0.258867 0.063652 0.047145
1 0.231135 0.277249 0.065380 0.046497
1 0.267785 0.266706 0.023762 0.018923
1 0.269585 0.298984 0.064804 0.046497
1 0.343534 0.293523 0.056020 0.031034
1 0.389689 0.278547 0.058180 0.030061
1 0.402722 0.301687 0.060052 0.031358
0 0.445349 0.265625 0.045363 0.055255
0 0.506192 0.265247 0.033410 0.031358
1 0.850734 0.230536 0.034994 0.025952
1 0.793707 0.223454 0.037010 0.028871
1 0.770089 0.233618 0.039891 0.021302
1 0.745680 0.247459 0.027362 0.037089
1 0.718318 0.246648 0.025634 0.022059
1 0.702837 0.263625 0.025778 0.030277
0 0.702693 0.230104 0.022897 0.014706
1 0.686708 0.249892 0.040755 0.046929
0 0.653370 0.256380 0.056740 0.024870
0 0.638897 0.241133 0.034706 0.020978
1 0.608223 0.241674 0.036146 0.025303
1 0.589862 0.254325 0.038018 0.034818
1 0.614199 0.273843 0.044355 0.032115
1 0.627088 0.284494 0.041331 0.018166
1 0.636089 0.298767 0.029090 0.016869
0 0.660714 0.291306 0.034850 0.036116
1 0.566172 0.243512 0.023762 0.013625
1 0.547811 0.257245 0.032546 0.030493
1 0.563868 0.259786 0.019441 0.015679
0 0.567252 0.284710 0.052995 0.035035
1 0.529594 0.277844 0.021169 0.021302
1 0.526642 0.303201 0.031970 0.010381
1 0.481711 0.290387 0.036578 0.031466
0 0.510657 0.294658 0.039171 0.017301
1 0.222566 0.317474 0.049971 0.037630
1 0.308180 0.333099 0.069124 0.051579
1 0.196573 0.334018 0.059044 0.034602
0 0.189948 0.354725 0.035426 0.016977
1 0.174323 0.368945 0.060916 0.022708
1 0.174827 0.402790 0.066820 0.054498
1 0.268001 0.352941 0.036866 0.016220
1 0.290899 0.371864 0.045219 0.034602
1 0.339358 0.367701 0.038450 0.039252
0 0.359015 0.327098 0.047811 0.035683
0 0.377376 0.361538 0.060052 0.041847
1 0.432748 0.330450 0.052419 0.048443
1 0.410498 0.343209 0.048531 0.039360
1 0.465582 0.359591 0.063364 0.039684
0 0.483079 0.316555 0.043923 0.031250
1 0.508137 0.336343 0.043635 0.021302
0 0.512601 0.322178 0.022033 0.013733
1 0.543347 0.318934 0.046083 0.031899
0 0.568188 0.332396 0.016273 0.019031
0 0.587270 0.330450 0.030242 0.037630
1 0.604839 0.308607 0.026786 0.022708
1 0.616215 0.325746 0.032546 0.026060
0 0.647897 0.314663 0.042339 0.020112
1 0.667267 0.325692 0.038450 0.028114
0 0.687356 0.327801 0.025058 0.019788
1 0.543635 0.357807 0.066820 0.040441
1 0.889905 0.272816 0.024626 0.029844
0 0.824813 0.246161 0.030962 0.031899
0 0.841158 0.264165 0.024194 0.017085
0 0.781466 0.247675 0.018577 0.018707
0 0.803571 0.250487 0.023329 0.017625
0 0.853687 0.299957 0.046083 0.040225
1 0.753168 0.271356 0.037154 0.026060
0 0.797883 0.274600 0.020305 0.022816
0 0.818044 0.276600 0.032690 0.032223
0 0.783410 0.265895 0.025346 0.020545
0 0.776426 0.288765 0.020593 0.021951
0 0.804147 0.299254 0.046947 0.042712
0 0.833669 0.313581 0.028226 0.017517
1 0.757344 0.301687 0.038018 0.041739
1 0.777434 0.318934 0.027794 0.023248
1 0.732071 0.288657 0.027794 0.021518
1 0.712486 0.304012 0.025202 0.020221
1 0.695781 0.313473 0.024914 0.015571
0 0.144873 0.451503 0.054724 0.031034
1 0.247696 0.437338 0.079781 0.054390
1 0.301267 0.435878 0.063364 0.039360
0 0.334461 0.421713 0.045075 0.034602
0 0.254968 0.388300 0.037010 0.016220
0 0.281034 0.396302 0.018577 0.014706
1 0.326613 0.391706 0.088998 0.037522
1 0.374352 0.396140 0.047955 0.031034
1 0.391633 0.412035 0.054868 0.034278
1 0.401282 0.418307 0.032690 0.036440
1 0.439804 0.398789 0.074309 0.047794
1 0.496832 0.399113 0.041187 0.040009
1 0.491143 0.423173 0.037874 0.022383
0 0.524410 0.395815 0.020593 0.017625
0 0.541043 0.416252 0.043203 0.021086
0 0.543851 0.397924 0.019153 0.018815
1 0.573373 0.400519 0.036146 0.033521
0 0.588998 0.388895 0.023906 0.016544
1 0.599438 0.415171 0.018289 0.032331
0 0.626728 0.431174 0.034562 0.025627
1 0.600230 0.371702 0.045795 0.027141
1 0.616935 0.347859 0.046083 0.029628
0 0.645233 0.353320 0.047091 0.037305
0 0.735959 0.325908 0.047955 0.017301
0 0.714286 0.338992 0.020737 0.024654
0 0.704277 0.327152 0.016273 0.017842
1 0.698085 0.344723 0.015121 0.017517
1 0.677923 0.344237 0.029810 0.014814
1 0.665323 0.368026 0.044643 0.042928
0 0.703917 0.363538 0.042339 0.022924
0 0.747336 0.349103 0.037298 0.037522
1 0.751440 0.337370 0.049251 0.019247
0 0.808396 0.333856 0.037010 0.040333
1 0.202333 0.484321 0.032258 0.022275
0 0.876512 0.344723 0.024626 0.026817
0 0.891489 0.356942 0.025778 0.015787
1 0.847350 0.336073 0.046083 0.030277
0 0.836550 0.349481 0.020449 0.014057
1 0.884793 0.373324 0.039171 0.028006
1 0.845550 0.357591 0.028082 0.018382
0 0.798963 0.360781 0.045795 0.037522
0 0.822293 0.369215 0.017281 0.021518
1 0.840582 0.382083 0.030242 0.034926
1 0.845190 0.401871 0.044643 0.034278
1 0.884577 0.407818 0.043923 0.032331
1 0.752232 0.370026 0.051411 0.026384
1 0.762601 0.394842 0.056596 0.031899
0 0.719038 0.391112 0.023618 0.040009
0 0.802923 0.419983 0.043923 0.046713
0 0.755472 0.417550 0.031682 0.017625
1 0.680156 0.392409 0.034562 0.030926
1 0.693260 0.409278 0.028226 0.024221
1 0.622336 0.382245 0.038738 0.019031
0 0.624280 0.401438 0.032258 0.036008
0 0.463710 0.425389 0.020161 0.020545
1 0.445493 0.440041 0.039315 0.031034
1 0.423819 0.440744 0.038306 0.031791
1 0.187860 0.507299 0.033842 0.032115
1 0.183396 0.519788 0.053715 0.037846
1 0.233943 0.480861 0.034994 0.015138
1 0.251152 0.474805 0.033122 0.022708
0 0.278658 0.467939 0.045507 0.027790
1 0.320925 0.472535 0.043635 0.040441
1 0.341518 0.455882 0.021457 0.036765
0 0.384505 0.456531 0.050979 0.036765
1 0.399482 0.471237 0.022753 0.025735
0 0.418779 0.472859 0.025058 0.037630
1 0.443548 0.470480 0.031394 0.025303
1 0.479119 0.445826 0.033122 0.026817
0 0.473214 0.466750 0.027362 0.019139
0 0.504752 0.473562 0.027650 0.019572
1 0.511953 0.448367 0.033122 0.031250
0 0.534778 0.454747 0.039315 0.037954
0 0.564660 0.452855 0.021889 0.025952
1 0.562860 0.469183 0.040755 0.019680
0 0.584965 0.456099 0.024482 0.025952
1 0.601599 0.480212 0.035282 0.044118
1 0.626368 0.462911 0.040467 0.045199
1 0.669067 0.434689 0.050691 0.035683
0 0.650634 0.451287 0.014401 0.011138
0 0.653946 0.465344 0.033410 0.032115
0 0.681380 0.464587 0.026354 0.016544
1 0.701253 0.455396 0.039603 0.028439
1 0.704349 0.427606 0.023618 0.026276
1 0.741287 0.439014 0.055156 0.030277
0 0.830069 0.446962 0.021025 0.016544
1 0.863911 0.442096 0.021025 0.021951
0 0.901714 0.451395 0.063796 0.037089
1 0.221414 0.515247 0.038738 0.028547
1 0.225446 0.493350 0.016273 0.015030
1 0.235815 0.498811 0.016849 0.015138
1 0.251584 0.507299 0.047523 0.042063
1 0.298747 0.508975 0.068404 0.037846
1 0.336766 0.528006 0.048531 0.041955
0 0.363911 0.509894 0.070565 0.046821
1 0.407258 0.488376 0.020449 0.018058
0 0.430588 0.502541 0.029666 0.037089
0 0.480775 0.496756 0.051411 0.039360
0 0.519225 0.487295 0.050835 0.033845
1 0.566820 0.497675 0.048963 0.044010
1 0.541691 0.506866 0.014833 0.015463
0 0.606207 0.510651 0.022897 0.016544
0 0.635801 0.493674 0.045507 0.028871
0 0.668635 0.488376 0.031682 0.031034
0 0.708813 0.466750 0.031682 0.026708
1 0.732287 0.473562 0.035138 0.032331
0 0.796155 0.460640 0.049107 0.021410
0 0.758641 0.470913 0.048963 0.017950
1 0.841374 0.474157 0.049683 0.033953
1 0.809188 0.489025 0.040611 0.037305
1 0.849294 0.492377 0.033554 0.023465
1 0.909994 0.535305 0.035138 0.042928
1 0.876728 0.503731 0.037730 0.020869
1 0.871400 0.510705 0.020449 0.023573
1 0.842094 0.517463 0.037298 0.038603
1 0.846630 0.549254 0.049539 0.030385
1 0.860527 0.510543 0.012241 0.012219
1 0.813436 0.543793 0.025778 0.025952
0 0.807748 0.529412 0.034850 0.032439
0 0.793347 0.498162 0.049251 0.030926
1 0.183180 0.904358 0.056164 0.042496
1 0.240855 0.851860 0.061492 0.051687
1 0.281250 0.893869 0.049827 0.043361
1 0.270593 0.923281 0.044067 0.039252
1 0.307244 0.845048 0.058612 0.032007
1 0.304435 0.934472 0.038882 0.051903
1 0.321645 0.904358 0.026930 0.023032
1 0.346702 0.925768 0.045651 0.042928
1 0.380040 0.959343 0.057604 0.048659
1 0.391849 0.920199 0.047523 0.046064
1 0.433684 0.938960 0.052275 0.048335
1 0.415251 0.973562 0.047955 0.046821
1 0.356567 0.853320 0.055876 0.056553
1 0.388969 0.885381 0.055300 0.027033
1 0.413882 0.856023 0.064804 0.034494
1 0.456797 0.905277 0.048963 0.042171
1 0.489703 0.922632 0.043635 0.057634
1 0.534130 0.916793 0.064228 0.042928
1 0.511233 0.951611 0.048963 0.037089
1 0.629392 0.885597 0.051411 0.045415
1 0.574381 0.906250 0.027794 0.063365
1 0.590798 0.908088 0.050259 0.051687
1 0.654954 0.927336 0.036290 0.025087
0 0.563724 0.942096 0.020017 0.016760
1 0.609807 0.936419 0.032978 0.018382
1 0.601094 0.951773 0.053859 0.031358
1 0.850014 0.894842 0.055156 0.040766
1 0.801771 0.878947 0.042771 0.044658
0 0.887601 0.853590 0.042771 0.033737
1 0.773185 0.893274 0.029378 0.025952
0 0.726166 0.894734 0.045651 0.036873
1 0.695132 0.889490 0.023041 0.016436
1 0.842670 0.844669 0.054868 0.039035
1 0.799971 0.839371 0.042051 0.047037
1 0.731063 0.856672 0.066676 0.047470
1 0.655170 0.849481 0.072725 0.041955
0 0.595190 0.844345 0.049827 0.039684
0 0.570997 0.859537 0.030818 0.016869
0 0.482215 0.878460 0.040179 0.022708
1 0.495392 0.852022 0.046083 0.045956
1 0.407114 0.824016 0.050979 0.030169
1 0.429868 0.830450 0.049827 0.027682
1 0.193836 0.563203 0.060484 0.047902
1 0.232503 0.543361 0.055444 0.029844
0 0.279306 0.529898 0.053715 0.029952
1 0.228255 0.589749 0.051267 0.048659
0 0.225734 0.610456 0.060916 0.016544
0 0.227535 0.633813 0.046083 0.040766
0 0.213854 0.672416 0.054147 0.042928
1 0.227535 0.696799 0.056740 0.035035
0 0.207661 0.736970 0.034562 0.041847
1 0.245032 0.804823 0.058036 0.045415
1 0.286146 0.561365 0.061924 0.034278
1 0.314804 0.539738 0.044643 0.038387
1 0.331797 0.568447 0.027362 0.030277
1 0.350662 0.555147 0.035714 0.016652
0 0.375288 0.555255 0.037730 0.029412
1 0.387385 0.572016 0.046659 0.038495
1 0.423171 0.567042 0.040179 0.036981
1 0.437212 0.540171 0.033986 0.050281
1 0.488047 0.532007 0.046659 0.041090
0 0.458741 0.552714 0.043635 0.021086
1 0.452261 0.554120 0.034130 0.031899
0 0.509073 0.544875 0.036002 0.032223
1 0.491503 0.574611 0.050115 0.038062
1 0.531106 0.578233 0.036290 0.028439
1 0.567756 0.538657 0.034994 0.034710
1 0.533410 0.555904 0.027362 0.016436
0 0.553427 0.563906 0.044931 0.030709
0 0.604983 0.535846 0.045795 0.025411
1 0.628024 0.525789 0.024194 0.028439
0 0.712270 0.484429 0.019009 0.013192
0 0.706077 0.495945 0.028226 0.014598
1 0.688868 0.506542 0.050547 0.045523
0 0.657474 0.526060 0.035570 0.036548
0 0.758065 0.491241 0.030530 0.024221
0 0.726094 0.528006 0.045219 0.038062
1 0.792483 0.504001 0.052707 0.042604
1 0.739487 0.511246 0.054724 0.043685
0 0.750216 0.500541 0.021745 0.015355
0 0.775346 0.523789 0.023041 0.027249
1 0.785138 0.552282 0.044643 0.031899
1 0.758929 0.540009 0.018721 0.016003
0 0.755328 0.555093 0.024194 0.014165
0 0.755184 0.569583 0.035426 0.015679
0 0.763249 0.579098 0.044643 0.021302
0 0.781682 0.593750 0.041475 0.018815
0 0.716734 0.565636 0.042627 0.033088
1 0.688940 0.543415 0.062500 0.026925
1 0.662154 0.558229 0.063076 0.052876
0 0.664747 0.567366 0.036290 0.018166
1 0.597494 0.579423 0.023041 0.021951
1 0.630976 0.575260 0.052563 0.046497
0 0.621760 0.584451 0.025202 0.017950
0 0.645881 0.585586 0.021889 0.019139
1 0.750576 0.578936 0.101382 0.023789
1 0.674395 0.591371 0.035714 0.021194
0 0.277722 0.589641 0.052275 0.037630
1 0.316460 0.585802 0.028370 0.034278
1 0.278658 0.623324 0.051267 0.029736
1 0.336694 0.631704 0.070565 0.043253
1 0.271313 0.666793 0.067684 0.048335
1 0.292339 0.695448 0.055588 0.036440
1 0.343894 0.668415 0.068548 0.043577
1 0.331077 0.707126 0.045219 0.036873
0 0.246976 0.721021 0.047523 0.037846
1 0.291619 0.721886 0.044643 0.033088
1 0.325245 0.743026 0.060052 0.042928
1 0.253096 0.743350 0.062932 0.035575
1 0.295219 0.818772 0.033698 0.040009
1 0.276714 0.792604 0.054291 0.056877
0 0.316388 0.790333 0.021601 0.016652
0 0.338134 0.816501 0.053283 0.030493
0 0.383785 0.792117 0.059044 0.040333
1 0.338422 0.792009 0.043203 0.022816
1 0.344758 0.769950 0.062788 0.034278
0 0.429507 0.593750 0.052851 0.025519
1 0.427851 0.604077 0.056164 0.029520
0 0.367656 0.618350 0.025922 0.021302
1 0.393721 0.625865 0.044643 0.034818
1 0.409778 0.651276 0.042195 0.046929
1 0.393001 0.673119 0.042339 0.029844
0 0.367944 0.708640 0.032258 0.018058
0 0.375720 0.722048 0.031682 0.018274
1 0.399842 0.698908 0.045075 0.029520
1 0.395161 0.741836 0.054147 0.060229
1 0.412442 0.770978 0.051267 0.030926
1 0.942612 0.623919 0.027794 0.030926
0 0.953989 0.676687 0.017713 0.017085
1 0.898257 0.612511 0.026354 0.022816
0 0.485239 0.602779 0.043347 0.035575
1 0.463710 0.620188 0.061348 0.035359
1 0.472206 0.652195 0.087270 0.035575
1 0.467958 0.676741 0.057748 0.032115
1 0.476310 0.688527 0.034994 0.030601
0 0.499712 0.699016 0.046947 0.035575
1 0.489271 0.712911 0.055156 0.036116
1 0.476022 0.732158 0.044211 0.046497
1 0.439516 0.730158 0.046083 0.035359
0 0.443908 0.767409 0.052851 0.050822
1 0.489991 0.811797 0.073877 0.053741
1 0.503384 0.760489 0.065236 0.058391
0 0.481855 0.764490 0.021889 0.021626
1 0.528658 0.823800 0.040899 0.050065
1 0.556812 0.824503 0.059476 0.025519
0 0.540539 0.793361 0.019153 0.023789
0 0.557820 0.794658 0.016273 0.019464
0 0.578125 0.761408 0.026642 0.038603
1 0.569412 0.590236 0.040899 0.037089
0 0.509073 0.615917 0.040899 0.041090
1 0.541259 0.606618 0.037010 0.033088
1 0.541691 0.629217 0.034994 0.016652
0 0.530386 0.653006 0.042339 0.039576
0 0.535786 0.683337 0.046515 0.026492
0 0.561852 0.660413 0.038738 0.030601
1 0.555156 0.709991 0.078341 0.054066
0 0.568692 0.713181 0.049827 0.036008
0 0.619960 0.609862 0.054147 0.026600
1 0.589718 0.660143 0.039747 0.032872
1 0.617800 0.678201 0.044067 0.040009
0 0.620176 0.714425 0.052851 0.036765
1 0.600158 0.748216 0.039891 0.032331
1 0.638249 0.740052 0.036002 0.025519
0 0.615999 0.786224 0.055156 0.034386
0 0.594686 0.812662 0.028946 0.031034
0 0.631768 0.811311 0.041763 0.041090
1 0.674107 0.806337 0.047523 0.025952
1 0.727247 0.824016 0.077765 0.032764
1 0.896313 0.792388 0.044643 0.037846
1 0.848790 0.806607 0.054147 0.025411
1 0.674539 0.779736 0.049539 0.040009
0 0.727751 0.787792 0.052851 0.040333
1 0.790899 0.804877 0.076325 0.036008
1 0.797739 0.786062 0.020017 0.027357
1 0.850230 0.769680 0.049539 0.040874
0 0.844110 0.603049 0.024626 0.037846
1 0.890193 0.760489 0.050259 0.032439
1 0.914243 0.762597 0.016849 0.026708
1 0.925115 0.754001 0.019585 0.020761
1 0.869600 0.615647 0.031250 0.027357
1 0.670795 0.745134 0.040899 0.027033
1 0.675475 0.709072 0.060916 0.063041
1 0.656610 0.616674 0.042483 0.045415
0 0.667483 0.652736 0.044643 0.035359
0 0.697005 0.605861 0.046083 0.028114
1 0.695132 0.660305 0.059044 0.040333
1 0.722782 0.752379 0.045219 0.034818
0 0.733367 0.604239 0.024626 0.025952
0 0.725806 0.621918 0.020449 0.014598
0 0.746328 0.618242 0.026642 0.015030
1 0.766057 0.761462 0.042771 0.046064
0 0.793491 0.762165 0.036866 0.022383
0 0.777290 0.722805 0.048243 0.032331
0 0.813364 0.739187 0.065092 0.036332
0 0.862831 0.724589 0.048243 0.031791
1 0.903658 0.712154 0.050403 0.050173
1 0.745608 0.739782 0.035282 0.027790
0 0.899338 0.655169 0.045219 0.023573
1 0.888897 0.674470 0.029522 0.022383
1 0.870320 0.647870 0.049395 0.037522
1 0.852535 0.629758 0.033122 0.027249
1 0.824597 0.617052 0.029954 0.021086
1 0.762025 0.635759 0.054868 0.066501
0 0.797379 0.632515 0.043491 0.029304
0 0.814660 0.660467 0.069700 0.032656
1 0.840294 0.638679 0.079205 0.017625
1 0.846846 0.665820 0.021169 0.013949
1 0.863479 0.686581 0.036002 0.040117
0 0.831869 0.689230 0.036722 0.025303
1 0.805876 0.699719 0.029954 0.038711
0 0.786146 0.695448 0.016705 0.027357
0 0.757056 0.693772 0.046083 0.035900
0 0.769009 0.672145 0.042915 0.031358
1 0.716806 0.682526 0.059764 0.044983
0 0.738263 0.713181 0.033842 0.028871
0 0.740423 0.162900 0.032402 0.035143
0 0.658410 0.406196 0.039747 0.022167
0 0.730271 0.643004 0.028514 0.027790
