1 0.103644 0.187572 0.034494 0.035570
0 0.127325 0.295435 0.036224 0.060916
1 0.159494 0.172451 0.042820 0.048243
1 0.141274 0.216734 0.047902 0.065380
1 0.110186 0.245464 0.035467 0.064948
1 0.193069 0.221990 0.047470 0.063220
1 0.211776 0.158554 0.045307 0.066532
1 0.313041 0.130256 0.052984 0.068116
1 0.285467 0.186636 0.030277 0.051843
1 0.417388 0.110023 0.046064 0.050403
1 0.461613 0.124280 0.037846 0.061060
1 0.388841 0.191892 0.047794 0.066676
0 0.235186 0.202405 0.037630 0.049395
1 0.268599 0.233151 0.050606 0.068836
0 0.363592 0.253528 0.048767 0.048531
0 0.313311 0.215006 0.030169 0.056740
1 0.332937 0.246328 0.019896 0.036434
1 0.330017 0.284346 0.038927 0.042483
1 0.277087 0.315956 0.038603 0.069124
1 0.440041 0.166547 0.043361 0.034130
1 0.420091 0.213206 0.033088 0.073301
0 0.495945 0.135369 0.030169 0.055876
1 0.525952 0.145737 0.029628 0.053571
1 0.487889 0.189732 0.038927 0.040755
0 0.455234 0.284346 0.037846 0.057172
0 0.478536 0.233583 0.044226 0.052995
0 0.422632 0.265769 0.037089 0.051699
0 0.221021 0.313508 0.042820 0.046083
0 0.159602 0.302491 0.047145 0.058324
1 0.100130 0.314084 0.038711 0.062788
1 0.074070 0.361031 0.057742 0.067108
1 0.106023 0.389545 0.042063 0.059620
1 0.178741 0.414675 0.033304 0.066964
1 0.209937 0.411506 0.044226 0.062932
1 0.230212 0.384505 0.035251 0.052419
1 0.181066 0.349006 0.043793 0.063508
1 0.237565 0.256840 0.024654 0.036434
1 0.200584 0.271673 0.044334 0.047379
0 0.256866 0.290539 0.022167 0.048531
0 0.462965 0.203269 0.022167 0.046515
1 0.524059 0.201037 0.030385 0.044643
1 0.546280 0.165755 0.033953 0.046947
1 0.544658 0.123056 0.046064 0.053715
1 0.584775 0.178283 0.044983 0.053859
1 0.575584 0.080933 0.051038 0.021313
1 0.590560 0.115135 0.034494 0.039315
1 0.502109 0.167915 0.023248 0.033986
1 0.585640 0.155098 0.035683 0.044643
0 0.559202 0.198301 0.040549 0.033986
0 0.618350 0.148834 0.042496 0.039603
1 0.688149 0.105343 0.040441 0.060340
1 0.691771 0.144801 0.033196 0.039026
1 0.657602 0.136809 0.038170 0.053859
1 0.666036 0.170219 0.041414 0.025346
0 0.645275 0.202549 0.044442 0.061780
1 0.763354 0.087414 0.026708 0.018721
1 0.804931 0.108007 0.036332 0.052707
1 0.764436 0.122624 0.058283 0.062644
1 0.615809 0.242440 0.037630 0.052563
0 0.772275 0.161722 0.018382 0.027074
1 0.786873 0.169355 0.043469 0.051555
0 0.758813 0.194412 0.020004 0.022753
0 0.819961 0.163090 0.024870 0.033266
0 0.798389 0.207877 0.048335 0.061492
0 0.831856 0.206509 0.034386 0.068548
1 0.866241 0.210037 0.045199 0.049395
1 0.686635 0.239415 0.021410 0.033266
1 0.739295 0.214646 0.052768 0.056884
0 0.757029 0.210974 0.011462 0.012673
0 0.750595 0.240927 0.027141 0.034274
0 0.708153 0.213494 0.046064 0.074165
0 0.731510 0.259001 0.047578 0.034418
0 0.768707 0.273834 0.027682 0.047379
1 0.768599 0.246832 0.022059 0.031682
1 0.793036 0.270665 0.023356 0.059764
1 0.868945 0.249136 0.043253 0.049827
0 0.824503 0.260009 0.042604 0.047091
1 0.820988 0.309188 0.057850 0.067396
1 0.807310 0.275778 0.010164 0.016705
1 0.873432 0.294571 0.038603 0.064660
1 0.900357 0.337774 0.007245 0.010513
1 0.869756 0.355703 0.033845 0.055876
1 0.889436 0.343462 0.025843 0.056452
0 0.588722 0.228039 0.027141 0.057172
0 0.568555 0.234087 0.018166 0.026066
0 0.544496 0.277002 0.025627 0.030962
1 0.658467 0.234807 0.032548 0.027218
1 0.639760 0.248128 0.034494 0.058180
0 0.679931 0.259649 0.047145 0.034850
0 0.658575 0.291187 0.039684 0.051555
1 0.618999 0.307676 0.041414 0.072437
0 0.587046 0.280602 0.042171 0.054003
0 0.714100 0.348574 0.025303 0.033266
1 0.688095 0.306812 0.033413 0.059188
1 0.509678 0.280098 0.035575 0.036290
0 0.518382 0.229983 0.018166 0.021025
0 0.542225 0.233439 0.042063 0.038018
1 0.545523 0.265337 0.035035 0.050835
1 0.518707 0.258209 0.026600 0.047235
1 0.370999 0.287658 0.047578 0.045363
1 0.409494 0.300619 0.032007 0.038162
1 0.388841 0.321285 0.012111 0.022177
1 0.414901 0.334029 0.044334 0.057748
1 0.758434 0.324453 0.038927 0.052707
1 0.728860 0.298099 0.054174 0.052995
0 0.592344 0.323157 0.016869 0.019009
0 0.544983 0.291475 0.017085 0.020161
0 0.555958 0.301195 0.022167 0.026354
1 0.573908 0.337198 0.025411 0.035570
1 0.599373 0.334533 0.014057 0.024770
0 0.665766 0.343894 0.023573 0.041475
1 0.625487 0.373488 0.030169 0.018577
0 0.633705 0.370608 0.012651 0.010225
0 0.642031 0.351599 0.024330 0.029522
1 0.619215 0.357215 0.014814 0.017713
1 0.604077 0.360959 0.029952 0.041331
0 0.805147 0.326325 0.022924 0.026498
1 0.827152 0.334173 0.035575 0.057748
0 0.296767 0.333957 0.020653 0.034562
1 0.235727 0.340798 0.041090 0.037010
0 0.318988 0.359015 0.034386 0.044931
1 0.300768 0.372480 0.032331 0.038738
0 0.254217 0.358871 0.024438 0.047811
1 0.203558 0.365207 0.036440 0.030818
1 0.145329 0.379176 0.032007 0.035714
1 0.147221 0.404162 0.032980 0.056308
1 0.020437 0.448877 0.027033 0.069988
1 0.049470 0.451037 0.054823 0.059908
0 0.066501 0.415323 0.027249 0.023041
1 0.089695 0.451685 0.050714 0.070709
1 0.121107 0.429363 0.043901 0.054003
1 0.077422 0.491143 0.036981 0.062356
0 0.149276 0.508785 0.040549 0.062212
1 0.217831 0.454133 0.028006 0.031538
1 0.235078 0.469686 0.043685 0.053715
0 0.520167 0.309692 0.049632 0.030386
0 0.482591 0.330285 0.014706 0.023185
1 0.495513 0.335325 0.016544 0.027218
1 0.488917 0.347350 0.016544 0.019009
1 0.454639 0.353975 0.048551 0.053571
1 0.476265 0.383209 0.030169 0.029666
0 0.368999 0.322293 0.033196 0.023041
0 0.356564 0.361679 0.049632 0.062356
0 0.282656 0.371760 0.031791 0.051123
0 0.322664 0.406754 0.049740 0.056596
0 0.359267 0.409130 0.034710 0.046659
1 0.269842 0.408194 0.040982 0.060916
1 0.285954 0.432820 0.023032 0.026354
1 0.383326 0.412370 0.032223 0.037298
1 0.392409 0.371904 0.030709 0.043635
1 0.415982 0.392497 0.048659 0.063508
0 0.399870 0.440020 0.032872 0.060916
0 0.432418 0.448517 0.043036 0.061204
0 0.460694 0.402218 0.025843 0.019585
1 0.452584 0.416187 0.030385 0.035714
0 0.476590 0.422307 0.044442 0.055732
0 0.471237 0.460757 0.025735 0.018001
0 0.505893 0.457589 0.045091 0.033266
1 0.499189 0.433468 0.028871 0.038018
0 0.516436 0.333669 0.041739 0.030530
0 0.508380 0.360671 0.010921 0.023762
0 0.496756 0.379752 0.033953 0.051555
1 0.548767 0.358223 0.021410 0.036146
0 0.660413 0.373632 0.021951 0.018865
0 0.623486 0.385729 0.014273 0.015697
0 0.604509 0.401498 0.018274 0.030242
0 0.690582 0.370392 0.025843 0.023618
0 0.707937 0.381840 0.012111 0.028370
0 0.738754 0.370896 0.042604 0.042771
1 0.675281 0.387241 0.014057 0.021601
0 0.690852 0.408842 0.041306 0.063076
1 0.722913 0.420075 0.027357 0.052707
0 0.736051 0.404450 0.013408 0.039891
1 0.753731 0.409922 0.024546 0.043635
1 0.775411 0.375792 0.046064 0.063220
1 0.783359 0.342238 0.037954 0.028082
1 0.843642 0.373128 0.024870 0.009505
0 0.825584 0.389041 0.046280 0.053139
0 0.888192 0.399410 0.052768 0.056596
1 0.924308 0.402290 0.027033 0.044211
1 0.914955 0.435916 0.031899 0.029954
0 0.857104 0.431092 0.028871 0.058324
1 0.886732 0.457805 0.041414 0.037154
0 0.273627 0.465078 0.034710 0.056596
0 0.302228 0.453125 0.042820 0.041619
0 0.343642 0.444052 0.042171 0.036146
1 0.368945 0.465510 0.043685 0.048531
1 0.345102 0.480127 0.055255 0.045219
1 0.527411 0.418347 0.033413 0.056164
0 0.548119 0.410426 0.022708 0.054147
1 0.573800 0.385945 0.038819 0.061348
1 0.590939 0.424179 0.034386 0.026930
1 0.591425 0.432460 0.018058 0.018145
1 0.622567 0.401066 0.018274 0.023618
1 0.648465 0.405602 0.033737 0.047955
0 0.633002 0.437932 0.036116 0.055588
1 0.669983 0.438076 0.018382 0.040899
0 0.663008 0.451325 0.012651 0.032546
1 0.639219 0.467238 0.036008 0.052851
1 0.652033 0.482431 0.037630 0.034850
0 0.914684 0.477391 0.018815 0.035714
1 0.964479 0.474438 0.051795 0.056020
0 0.893220 0.484303 0.032115 0.025058
1 0.852022 0.484735 0.039684 0.043203
0 0.830288 0.482071 0.008110 0.015409
0 0.797470 0.450461 0.025735 0.060196
1 0.791090 0.407042 0.028114 0.038450
1 0.753460 0.452477 0.044983 0.058756
1 0.777628 0.466662 0.019139 0.024626
0 0.781845 0.448301 0.010921 0.013249
0 0.566447 0.426051 0.016760 0.018289
0 0.595534 0.473214 0.045956 0.033410
0 0.542442 0.470766 0.047037 0.043491
1 0.825097 0.435124 0.037089 0.045363
0 0.569853 0.449597 0.025735 0.027362
1 0.188149 0.521385 0.059905 0.058324
1 0.252379 0.518001 0.052552 0.059908
0 0.292712 0.501080 0.036116 0.054291
1 0.337857 0.505256 0.026925 0.029522
1 0.695123 0.444340 0.031683 0.018001
0 0.937716 0.531538 0.036332 0.065668
1 0.842615 0.527722 0.018490 0.024338
0 0.821691 0.523690 0.020545 0.042195
0 0.782764 0.520593 0.025303 0.062212
0 0.759840 0.530458 0.030277 0.057460
1 0.893058 0.521241 0.035467 0.050259
0 0.872459 0.533050 0.024762 0.034418
0 0.869702 0.560412 0.022924 0.044499
0 0.890463 0.553427 0.017517 0.033698
0 0.885327 0.582229 0.021086 0.025922
1 0.940257 0.576397 0.021951 0.047091
1 0.903439 0.585181 0.018166 0.069268
1 0.917712 0.593966 0.021194 0.015697
1 0.950638 0.617656 0.022167 0.015841
1 0.920469 0.618160 0.023465 0.018289
1 0.921605 0.648546 0.022924 0.050259
1 0.806823 0.546299 0.022383 0.059476
1 0.836613 0.577837 0.044550 0.047955
1 0.721345 0.485743 0.034602 0.069412
0 0.702152 0.480487 0.031899 0.042771
1 0.688203 0.466806 0.021302 0.031538
1 0.629055 0.528586 0.060878 0.052563
0 0.678201 0.511737 0.059256 0.058324
1 0.721345 0.550259 0.033521 0.053283
1 0.703125 0.563508 0.029736 0.055876
1 0.677011 0.565884 0.046713 0.062932
1 0.736646 0.576613 0.035359 0.058468
0 0.764652 0.583957 0.031034 0.046371
0 0.794550 0.572509 0.040657 0.037874
1 0.806877 0.621688 0.060121 0.059620
1 0.849211 0.607647 0.029520 0.031538
1 0.873324 0.641129 0.031250 0.068260
0 0.896410 0.627736 0.012543 0.025058
1 0.894356 0.628744 0.026384 0.050115
1 0.774546 0.668419 0.023789 0.034994
1 0.796821 0.655170 0.034602 0.033842
0 0.808391 0.669067 0.025519 0.019009
1 0.907007 0.670219 0.023789 0.046371
1 0.889598 0.687428 0.025303 0.043347
0 0.071583 0.552131 0.054498 0.065668
1 0.123000 0.559404 0.053525 0.068692
1 0.181066 0.580645 0.037522 0.048099
0 0.162468 0.587630 0.015895 0.031538
1 0.202422 0.577549 0.026384 0.052851
0 0.254109 0.563148 0.033737 0.033842
0 0.296064 0.542483 0.039576 0.043203
1 0.268977 0.581869 0.028655 0.052563
0 0.290766 0.581221 0.036116 0.035138
1 0.325314 0.547739 0.030817 0.065524
1 0.354401 0.534994 0.034710 0.054435
1 0.384732 0.507560 0.031791 0.041043
0 0.417604 0.494888 0.049308 0.063220
0 0.390355 0.541979 0.050606 0.031538
0 0.430201 0.561132 0.041414 0.061492
0 0.464857 0.490207 0.045848 0.038018
1 0.341533 0.566172 0.012435 0.026354
1 0.358834 0.593030 0.041198 0.055300
1 0.321637 0.599942 0.042279 0.052419
1 0.432039 0.610383 0.037738 0.044499
0 0.471237 0.571285 0.043685 0.034850
1 0.476103 0.528802 0.047145 0.047523
1 0.495675 0.490207 0.027682 0.033698
0 0.521572 0.512313 0.042279 0.050259
0 0.555688 0.503168 0.024870 0.061060
0 0.588560 0.484303 0.022924 0.016705
0 0.572556 0.504032 0.018166 0.041763
0 0.600022 0.508281 0.038495 0.039315
0 0.564392 0.529522 0.017625 0.033410
0 0.534332 0.564732 0.036873 0.053139
1 0.588019 0.534850 0.028979 0.028802
1 0.560824 0.565596 0.034494 0.054291
1 0.574935 0.570997 0.022924 0.041763
1 0.600346 0.580861 0.041306 0.075893
1 0.622351 0.615711 0.033196 0.050259
1 0.600454 0.632488 0.055363 0.056164
1 0.635327 0.597854 0.049632 0.064948
1 0.487673 0.599942 0.027249 0.046659
1 0.521032 0.612471 0.052011 0.055012
1 0.563960 0.601671 0.040333 0.028802
1 0.533034 0.650850 0.043577 0.026642
1 0.564284 0.657402 0.038603 0.047811
1 0.457126 0.623920 0.011354 0.018577
1 0.489998 0.645593 0.042712 0.055876
1 0.468426 0.657330 0.034818 0.070709
1 0.503947 0.697725 0.037954 0.046083
0 0.439122 0.667411 0.024005 0.068116
1 0.417604 0.671875 0.036765 0.067252
1 0.383056 0.626008 0.053525 0.068260
0 0.457450 0.707949 0.034278 0.068836
1 0.468372 0.742656 0.019572 0.022177
0 0.543847 0.700821 0.046172 0.051411
0 0.585370 0.712486 0.037738 0.066388
0 0.623432 0.689300 0.047902 0.047091
1 0.623486 0.658338 0.028763 0.025202
1 0.653439 0.694988 0.044550 0.088422
1 0.041685 0.616647 0.041198 0.052707
0 0.076773 0.609159 0.032872 0.031682
0 0.106780 0.586694 0.042712 0.036866
0 0.101806 0.616791 0.024762 0.027650
1 0.129596 0.629608 0.060878 0.049827
1 0.092182 0.652578 0.041198 0.050547
1 0.066771 0.692180 0.045091 0.054868
1 0.025519 0.720334 0.050822 0.084101
1 0.207937 0.629968 0.048659 0.071573
1 0.242701 0.623848 0.038387 0.071429
1 0.158359 0.664531 0.052444 0.066100
1 0.099589 0.696141 0.017950 0.025922
1 0.090344 0.733799 0.037738 0.049395
1 0.135759 0.719974 0.059797 0.051699
1 0.185932 0.709533 0.041414 0.071429
0 0.176957 0.751224 0.028222 0.024626
1 0.235186 0.714070 0.052768 0.062644
1 0.267139 0.644009 0.038603 0.071717
1 0.297362 0.665107 0.041955 0.081077
1 0.288819 0.715438 0.052552 0.055588
1 0.332721 0.640409 0.051471 0.066820
1 0.335802 0.703269 0.041414 0.070709
0 0.374405 0.697581 0.035792 0.042051
1 0.723021 0.631912 0.056985 0.065668
1 0.681715 0.624496 0.025411 0.047091
1 0.674524 0.636089 0.027898 0.042915
0 0.700746 0.673387 0.035575 0.036002
0 0.660413 0.659418 0.011786 0.028802
0 0.681499 0.680156 0.031683 0.052995
1 0.750973 0.718246 0.022708 0.057748
1 0.736808 0.679507 0.044334 0.031538
1 0.801146 0.708525 0.031142 0.059332
1 0.817312 0.687284 0.030169 0.038450
1 0.851103 0.666835 0.036116 0.053715
1 0.852941 0.724942 0.053633 0.070565
1 0.861159 0.779018 0.052984 0.051123
1 0.098129 0.805732 0.056769 0.061060
0 0.131596 0.765841 0.040874 0.051555
1 0.159602 0.798531 0.047145 0.071429
1 0.190744 0.812860 0.036116 0.079061
1 0.216101 0.783986 0.053525 0.067108
1 0.214425 0.888033 0.051687 0.072149
1 0.253731 0.827837 0.051146 0.090006
1 0.289468 0.834749 0.023789 0.082229
1 0.252217 0.744240 0.054606 0.057604
1 0.264868 0.759937 0.040982 0.064228
1 0.302606 0.779234 0.038387 0.064228
1 0.328612 0.875792 0.040657 0.075605
1 0.356347 0.929075 0.040333 0.056596
1 0.370026 0.873200 0.055147 0.078773
1 0.405547 0.881984 0.035359 0.067828
1 0.448043 0.899050 0.053309 0.073445
1 0.488430 0.853327 0.060770 0.069844
1 0.378082 0.818764 0.053525 0.048819
1 0.349589 0.783770 0.053201 0.054291
1 0.381380 0.781394 0.021626 0.044355
1 0.385435 0.735887 0.047253 0.050115
1 0.417820 0.750072 0.020761 0.031826
1 0.409224 0.714574 0.032980 0.039747
1 0.329855 0.747480 0.027357 0.032978
1 0.343534 0.738119 0.025087 0.045651
1 0.370296 0.745536 0.040333 0.050979
1 0.437338 0.799827 0.051579 0.081797
1 0.494269 0.765769 0.053633 0.047379
1 0.524870 0.813220 0.048227 0.078341
0 0.546118 0.845838 0.016977 0.025778
1 0.507948 0.750864 0.036873 0.040899
1 0.532007 0.728975 0.037846 0.043203
1 0.553471 0.753456 0.032115 0.055876
1 0.555850 0.795651 0.024546 0.037442
1 0.578936 0.798099 0.026168 0.064228
0 0.597751 0.857431 0.034602 0.063940
0 0.596886 0.793419 0.029412 0.040755
0 0.633488 0.760225 0.052444 0.035426
0 0.620891 0.813868 0.022924 0.061492
0 0.646032 0.824165 0.028222 0.057892
1 0.640679 0.874208 0.041306 0.031538
1 0.668307 0.815164 0.018490 0.037874
1 0.679769 0.893433 0.038170 0.065380
1 0.700584 0.841302 0.037846 0.099942
1 0.661386 0.781106 0.047470 0.055012
1 0.695502 0.744312 0.037413 0.075893
0 0.724319 0.792051 0.032331 0.065380
0 0.732969 0.749136 0.045091 0.040899
1 0.775573 0.817324 0.053741 0.076181
1 0.782764 0.753240 0.056012 0.056884
1 0.719994 0.705861 0.039468 0.051987
1 0.750108 0.785570 0.022924 0.031682
1 0.185013 0.470550 0.050173 0.043635
1 0.157926 0.461910 0.033196 0.030962
